0.247502 684 1835
0.282372 684 1835
0.302252 684 1835
0.332444 684 1835
0.36843 684 1835
0.392919 683 1835
0.424886 683 1835
0.457364 684 1835
0.489447 683 1835
0.52331 684 1835
0.556321 684 1835
0.588548 684 1835
0.621755 684 1835
0.65523 684 1835
0.688013 683 1835
0.729232 684 1835
0.755192 683 1835
0.789149 683 1835
0.820253 683 1835
0.855731 684 1835
0.88576 683 1835
0.918363 684 1835
0.951764 684 1835
0.98594 684 1835
1.0207 684 1835
1.05717 683 1835
1.08587 683 1835
1.11821 684 1835
1.15105 684 1835
1.18308 683 1835
1.21532 683 1835
1.24985 684 1835
1.28182 684 1835
1.31447 684 1835
1.34844 684 1835
1.38258 683 1835
1.41574 684 1835
1.44906 684 1835
1.4841 684 1835
1.51803 683 1835
1.54981 684 1835
1.58431 683 1835
1.62024 683 1835
1.65122 684 1835
1.68579 683 1835
1.71863 684 1835
1.75253 683 1835
1.79009 683 1835
1.82087 684 1835
1.8575 684 1835
1.89078 683 1835
1.92109 684 1835
1.95408 683 1835
1.98847 684 1835
2.02167 684 1835
2.05489 684 1835
2.08977 683 1835
2.12293 684 1835
2.15585 683 1835
2.19236 684 1835
2.22446 683 1835
2.25684 684 1835
2.292 684 1835
2.32463 684 1835
2.35878 684 1835
2.39333 683 1835
2.42596 684 1835
2.45852 684 1835
2.49396 684 1835
2.52762 684 1835
2.56001 683 1835
2.59827 683 1835
2.62932 684 1835
2.66436 684 1835
2.69941 684 1835
2.73067 683 1835
2.7621 684 1835
2.79796 684 1835
2.82976 683 1835
2.8637 683 1835
2.90027 684 1835
2.93144 683 1835
2.96455 683 1835
3.00814 684 1835
3.03247 684 1835
3.06476 684 1835
3.10049 684 1835
3.13314 684 1835
3.1665 684 1835
3.20124 683 1835
3.2357 684 1835
3.26871 684 1835
3.29945 683 1835
3.33505 684 1835
3.36795 684 1835
3.40241 684 1835
3.44214 684 1835
3.47542 683 1835
3.50542 684 1835
3.54297 684 1835
3.57027 684 1835
3.60161 683 1835
3.63769 684 1835
3.67153 684 1835
3.70344 683 1835
3.73982 683 1835
3.77917 684 1835
3.80477 683 1835
3.84008 684 1835
3.87349 684 1835
3.90587 683 1835
3.93835 684 1835
3.97548 684 1835
4.00765 683 1835
4.04015 684 1835
4.0788 683 1835
4.10798 683 1835
4.14107 683 1835
4.1733 684 1835
4.21222 683 1835
4.24433 684 1835
4.27961 684 1835
4.31086 684 1835
4.34287 684 1835
4.37622 683 1835
4.40798 684 1835
4.44115 684 1835
4.47412 683 1835
4.50703 683 1835
4.5439 683 1835
4.57503 684 1835
4.60881 684 1835
4.64446 683 1835
4.67585 683 1835
4.70941 684 1835
4.74704 684 1835
4.77995 683 1835
4.81212 683 1835
4.84679 684 1835
4.88008 683 1835
4.91216 683 1835
4.94375 683 1835
4.97722 683 1835
5.01221 684 1835
5.05423 684 1835
5.08286 684 1835
5.11301 684 1835
5.14745 684 1835
5.18136 684 1835
5.21213 683 1835
5.24598 684 1835
5.28362 684 1835
5.31359 683 1835
5.34694 683 1835
5.38252 684 1835
5.41405 683 1835
5.44736 683 1835
5.48327 683 1835
5.51541 684 1835
5.55007 683 1835
5.582 684 1835
5.61804 683 1835
5.65041 684 1835
5.68285 683 1835
5.71643 684 1835
5.75155 684 1835
5.78385 684 1835
5.81989 684 1835
5.85405 684 1838
5.88948 688 1844
5.92362 695 1852
5.95152 702 1857
5.98326 709 1864
6.01603 716 1870
6.05232 724 1877
6.0844 731 1884
6.11781 739 1894
6.15079 749 1905
6.18294 763 1918
6.21789 781 1936
6.25184 801 1956
6.28497 826 1979
6.32086 852 2009
6.35305 879 2037
6.38589 908 2067
6.41901 940 2097
6.4512 975 2129
6.48489 1007 2162
6.52068 1043 2201
6.55317 1076 2237
6.58642 1113 2274
6.62011 1150 2312
6.66035 1191 2352
6.69236 1231 2391
6.72265 1273 2433
6.75633 1318 2479
6.78777 1360 2522
6.82393 1408 2567
6.86356 1451 2613
6.88881 1495 2657
6.92184 1540 2704
6.96206 1592 2758
6.98932 1639 2807
7.02417 1690 2856
7.0695 1739 2906
7.092 1794 2961
7.14222 1845 3013
7.15629 1896 3064
7.19011 1950 3114
7.22203 2000 3167
7.25786 2056 3223
7.29029 2111 3277
7.32379 2160 3329
7.35658 2213 3379
7.39193 2270 3434
7.4249 2321 3488
7.46238 2373 3538
7.50119 2427 3593
7.5275 2477 3645
7.55951 2530 3698
7.59204 2581 3749
7.62711 2638 3806
7.66191 2691 3857
7.69209 2742 3909
7.72796 2798 3966
7.76103 2852 4021
7.79309 2904 4073
7.82726 2956 4125
7.86226 3013 4181
7.89432 3067 4233
7.92727 3121 4287
7.96249 3175 4345
7.99569 3229 4398
8.02913 3282 4450
8.06231 3334 4501
8.09655 3392 4559
8.1291 3443 4612
8.1632 3497 4662
8.19526 3550 4713
8.2298 3599 4766
8.27016 3655 4823
8.30297 3706 4876
8.33385 3758 4926
8.36809 3816 4981
8.39906 3867 5034
8.43337 3915 5087
8.46651 3974 5141
8.4984 4025 5192
8.53577 4078 5243
8.56537 4130 5297
8.60046 4186 5354
8.63461 4239 5405
8.6652 4293 5457
8.70051 4350 5511
8.73463 4402 5565
8.76727 4452 5616
8.80073 4504 5667
8.83806 4560 5723
8.86763 4612 5773
8.90118 4665 5827
8.93367 4717 5879
8.97001 4775 5934
9.00366 4826 5986
9.03707 4876 6038
9.07385 4929 6092
9.10912 4982 6146
9.1468 5039 6202
9.17127 5094 6253
9.20173 5145 6308
9.23733 5197 6361
9.26953 5254 6417
9.30324 5304 6469
9.33552 5358 6523
9.36845 5411 6577
9.40388 5466 6635
9.43725 5520 6685
9.46991 5571 6735
9.50519 5623 6786
9.53801 5679 6845
9.57102 5729 6895
9.60412 5781 6948
9.63702 5831 7001
9.67054 5882 7052
9.70518 5939 7109
9.73984 5990 7162
9.77229 6043 7210
9.80371 6096 7262
9.84382 6151 7319
9.87579 6205 7370
9.91065 6252 7422
9.94255 6305 7474
9.97615 6362 7529
10.0058 6414 7582
10.0399 6466 7636
10.0722 6517 7686
10.1066 6572 7743
10.1399 6624 7793
10.1742 6675 7846
10.2057 6728 7899
10.2375 6780 7949
10.2765 6836 8004
10.3064 6888 8057
10.3414 6941 8111
10.3753 6996 8166
10.4078 7050 8217
10.4406 7103 8270
10.4758 7160 8326
10.5096 7215 8380
10.5453 7265 8434
10.5766 7324 8490
10.6104 7376 8543
10.6735 7428 8594
10.7029 7482 8648
10.7168 7536 8705
10.7464 7591 8755
10.7776 7644 8806
10.8099 7694 8859
10.8434 7744 8913
10.8785 7801 8969
10.9107 7852 9019
10.9443 7906 9071
10.9785 7957 9125
11.0099 8007 9177
11.0459 8065 9231
11.0777 8117 9282
11.1106 8167 9331
11.1458 8223 9390
11.1787 8275 9441
11.2113 8327 9493
11.2472 8386 9550
11.2801 8438 9600
11.3119 8491 9652
11.3487 8545 9708
11.381 8599 9759
11.4131 8650 9809
11.4532 8704 9865
11.4847 8757 9918
11.5198 8808 9970
11.5547 8865 10027
11.5836 8918 10077
11.615 8969 10131
11.6514 9027 10188
11.6836 9079 10241
11.7161 9131 10294
11.7522 9189 10349
11.7857 9241 10405
11.8174 9292 10459
11.8529 9348 10515
11.8859 9401 10566
11.918 9454 10617
11.9544 9510 10676
11.9873 9562 10729
12.0193 9613 10780
12.0524 9665 10831
12.0884 9722 10887
12.1202 9773 10940
12.1535 9824 10992
12.1896 9882 11046
12.2223 9932 11099
12.256 9982 11151
12.2925 10034 11203
12.3273 10083 11256
12.3612 10137 11307
12.3948 10194 11363
12.4232 10245 11414
12.4541 10299 11467
12.4905 10353 11523
12.5248 10405 11573
12.5551 10458 11626
12.5917 10514 11683
12.6233 10565 11735
12.6562 10616 11786
12.6925 10672 11841
12.724 10722 11891
12.7589 10773 11945
12.7921 10826 11998
12.8268 10884 12052
12.8613 10935 12105
12.8917 10988 12156
12.9246 11041 12210
12.9569 11093 12262
12.9937 11152 12316
13.026 11203 12368
13.0603 11256 12421
13.0998 11314 12479
13.131 11364 12532
13.1637 11418 12585
13.197 11476 12641
13.2289 11526 12692
13.2606 11580 12747
13.2962 11635 12803
13.3282 11687 12853
13.3613 11741 12904
13.3979 11796 12962
13.4296 11847 13014
13.463 11900 13067
13.4991 11956 13120
13.5307 12008 13171
13.5632 12059 13226
13.6015 12115 13281
13.6314 12167 13332
13.6651 12220 13384
13.7037 12277 13437
13.7353 12327 13491
13.766 12379 13542
13.8015 12438 13597
13.8339 12488 13650
13.8695 12542 13701
13.9086 12598 13759
13.9406 12646 13810
13.9696 12701 13862
14.0005 12753 13913
14.0369 12807 13968
14.0682 12860 14021
14.1018 12912 14073
14.1343 12964 14125
14.1709 13020 14181
14.202 13071 14235
14.2356 13125 14288
14.2711 13178 14339
14.3045 13237 14396
14.3364 13288 14447
14.3734 13341 14503
14.4028 13392 14556
14.4403 13447 14614
14.4763 13500 14665
14.5054 13555 14718
14.5367 13607 14771
14.5733 13664 14829
14.6051 13716 14878
14.6381 13767 14930
14.6766 13822 14986
14.7086 13873 15039
14.744 13919 15088
14.7751 13957 15124
14.8069 13980 15146
14.8402 13992 15159
14.8732 13999 15165
14.9061 13999 15164
14.9394 13999 15165
14.9717 14000 15165
15.0066 13999 15165
15.0401 13999 15164
15.0719 13999 15165
15.1053 13999 15164
15.1412 13999 15165
15.1737 14000 15165
15.2072 14000 15165
15.2412 13999 15165
15.2754 13999 15164
15.3079 14000 15164
15.3422 13999 15165
15.3732 13999 15164
15.4072 14000 15164
15.447 13999 15165
15.4745 13999 15164
15.5116 14000 15165
15.548 13999 15165
15.5821 13999 15164
15.6096 13999 15165
15.6423 13999 15165
15.675 14000 15165
15.7105 13999 15165
15.7441 13999 15164
15.7756 13999 15164
15.8095 13999 15165
15.8422 13999 15164
15.8765 13999 15165
15.9112 13999 15164
15.9424 13999 15164
15.9759 14000 15164
16.0112 13999 15165
16.0423 13999 15165
16.0743 13999 15168
16.1101 13999 15171
16.1426 13999 15175
16.1761 13999 15181
16.2127 13999 15187
16.2423 13999 15193
16.2756 13999 15199
16.3147 13996 15203
16.3488 13990 15207
16.3802 13984 15212
16.4108 13981 15218
16.4411 13975 15223
16.4729 13969 15229
16.5065 13963 15235
16.5396 13958 15241
16.572 13952 15248
16.6048 13947 15253
16.6378 13940 15257
16.6734 13936 15261
16.7043 13931 15267
16.7367 13925 15271
16.7701 13920 15276
16.8031 13915 15282
16.8354 13909 15289
16.8696 13904 15295
16.9013 13898 15302
16.9351 13892 15308
16.968 13887 15314
17.0005 13881 15319
17.0351 13875 15326
17.0687 13869 15332
17.1029 13861 15339
17.1384 13853 15348
17.1728 13843 15357
17.2028 13833 15366
17.2331 13823 15376
17.2647 13813 15386
17.2983 13803 15395
17.3313 13793 15406
17.3635 13784 15416
17.3969 13773 15426
17.4296 13763 15437
17.4635 13752 15446
17.4961 13742 15458
17.5345 13731 15469
17.5623 13721 15480
17.5951 13710 15492
17.6284 13700 15502
17.6616 13688 15513
17.6938 13678 15523
17.7266 13666 15535
17.7605 13656 15546
17.7954 13645 15556
17.8265 13634 15568
17.861 13624 15578
17.8961 13613 15586
17.9278 13601 15597
17.9633 13591 15606
17.9943 13582 15616
18.0241 13572 15626
18.0595 13562 15636
18.0904 13552 15647
18.1474 13541 15657
18.1619 13532 15668
18.189 13522 15678
18.2295 13511 15689
18.2551 13501 15699
18.2884 13490 15712
18.3207 13479 15722
18.3542 13469 15732
18.387 13458 15743
18.4203 13447 15754
18.4548 13436 15764
18.4903 13426 15775
18.5187 13415 15786
18.5524 13405 15796
18.5891 13393 15808
18.6192 13382 15819
18.6512 13372 15830
18.6841 13361 15842
18.7231 13350 15852
18.755 13341 15861
18.7891 13330 15872
18.8176 13319 15882
18.8501 13309 15892
18.8822 13299 15901
18.9156 13290 15909
18.951 13280 15920
18.9844 13270 15931
19.0167 13259 15942
19.0499 13249 15953
19.0835 13238 15964
19.1157 13227 15974
19.1515 13216 15985
19.1823 13205 15996
19.2149 13194 16007
19.248 13183 16017
19.2843 13171 16029
19.3141 13161 16040
19.3471 13149 16051
19.3803 13139 16061
19.4149 13128 16071
19.4456 13117 16082
19.493 13106 16091
19.5135 13095 16103
19.5504 13084 16113
19.5847 13073 16123
19.6151 13063 16133
19.6456 13053 16143
19.6774 13043 16153
19.7104 13033 16164
19.7472 13022 16175
19.776 13013 16185
19.8101 13003 16195
19.8423 12993 16206
19.8755 12982 16216
19.9085 12971 16227
19.9412 12960 16238
19.9751 12951 16248
20.0072 12939 16260
20.0404 12929 16271
20.074 12917 16283
20.1072 12907 16295
20.1396 12895 16307
20.1726 12884 16318
20.2067 12873 16329
20.2391 12862 16340
20.2712 12851 16350
20.3057 12840 16359
20.3425 12829 16369
20.3773 12819 16378
20.4105 12808 16389
20.4396 12797 16398
20.4722 12787 16408
20.5027 12777 16419
20.5355 12767 16429
20.5683 12757 16440
20.6012 12746 16451
20.6342 12737 16463
20.7331 12727 16474
20.7355 12705 16495
20.7669 12694 16506
20.7992 12683 16518
20.8325 12672 16529
20.8657 12662 16539
20.9002 12650 16549
20.9318 12640 16560
20.964 12629 16571
20.9975 12619 16582
21.0308 12608 16592
21.0635 12598 16603
21.0971 12587 16616
21.1329 12576 16626
21.1705 12566 16636
21.2036 12556 16646
21.2342 12545 16655
21.2651 12536 16666
21.2953 12525 16678
21.3273 12516 16688
21.3606 12506 16698
21.3939 12496 16707
21.4264 12485 16717
21.4593 12474 16730
21.4926 12462 16740
21.5252 12451 16750
21.5582 12441 16761
21.5918 12430 16772
21.625 12420 16782
21.6582 12408 16795
21.6913 12397 16806
21.7237 12386 16817
21.7562 12376 16828
21.7912 12364 16839
21.8236 12353 16849
21.8564 12342 16860
21.8882 12331 16868
21.9225 12320 16878
21.9584 12310 16888
21.9941 12300 16899
22.0247 12290 16909
22.0554 12280 16919
22.0867 12270 16928
22.1191 12261 16938
22.1552 12251 16950
22.1869 12241 16960
22.2189 12231 16971
22.2516 12219 16981
22.2844 12209 16992
22.3178 12199 17002
22.3514 12187 17013
22.3845 12176 17024
22.4178 12165 17034
22.4497 12155 17044
22.4837 12144 17055
22.5154 12134 17066
22.5482 12122 17078
22.5821 12110 17089
22.6152 12100 17101
22.6479 12089 17111
22.6812 12078 17122
22.7151 12067 17132
22.7538 12057 17142
22.7862 12045 17153
22.8201 12036 17162
22.8494 12026 17170
22.88 12016 17180
22.9115 12006 17189
22.9446 11996 17200
22.9777 11987 17210
23.0105 11976 17221
23.0432 11965 17232
23.0765 11954 17243
23.1095 11944 17254
23.1422 11932 17266
23.1758 11921 17276
23.2084 11910 17287
23.2424 11898 17299
23.2789 11887 17310
23.3073 11876 17320
23.3408 11866 17330
23.3744 11855 17340
23.4086 11844 17351
23.4417 11833 17362
23.4734 11823 17373
23.506 11812 17383
23.5443 11803 17393
23.5778 11792 17403
23.6136 11782 17414
23.6425 11771 17424
23.673 11761 17434
23.7038 11751 17442
23.7395 11743 17452
23.7698 11733 17462
23.8028 11722 17473
23.837 11712 17483
23.8692 11701 17494
23.9022 11691 17504
23.9352 11679 17514
23.9682 11668 17525
24.0017 11657 17536
24.0338 11646 17548
24.0667 11635 17559
24.1007 11624 17571
24.1326 11613 17582
24.1658 11602 17593
24.1994 11591 17603
24.232 11581 17613
24.2651 11570 17624
24.2986 11559 17635
24.3329 11548 17645
24.3682 11538 17654
24.4042 11528 17664
24.4348 11518 17673
24.4669 11508 17683
24.4967 11497 17693
24.5293 11487 17704
24.5619 11477 17715
24.5951 11467 17725
24.6285 11457 17736
24.661 11446 17747
24.6999 11434 17758
24.727 11425 17768
24.7595 11413 17778
24.7995 11403 17789
24.83 11396 17796
24.8685 11392 17799
24.8923 11392 17799
24.9245 11392 17799
24.9584 11392 17799
24.9913 11391 17799
25.0241 11392 17799
25.0569 11391 17799
25.0899 11391 17799
25.1248 11391 17799
25.1595 11391 17799
25.1953 11392 17799
25.2286 11392 17798
25.2595 11391 17799
25.2898 11391 17799
25.321 11391 17799
25.3547 11392 17799
25.3874 11392 17799
25.42 11391 17799
25.4527 11391 17799
25.4857 11391 17799
25.5195 11391 17799
25.5518 11391 17799
25.5851 11391 17799
25.6177 11391 17799
25.6516 11391 17799
25.6845 11391 17799
25.7173 11392 17799
25.7498 11391 17799
25.7825 11391 17799
25.8167 11391 17801
25.8516 11391 17805
25.8825 11391 17811
25.9152 11391 17818
25.9499 11392 17825
25.9853 11392 17831
26.0235 11392 17838
26.0528 11398 17845
26.0827 11406 17852
26.113 11413 17859
26.1512 11420 17867
26.179 11427 17874
26.2159 11434 17881
26.2529 11440 17887
26.2779 11447 17893
26.3119 11454 17899
26.3438 11461 17905
26.3781 11468 17912
26.4114 11473 17918
26.443 11480 17924
26.4778 11486 17931
26.5098 11492 17937
26.542 11498 17942
26.5752 11504 17948
26.6081 11511 17952
26.6411 11518 17957
26.6737 11523 17964
26.7086 11530 17970
26.7426 11535 17977
26.7784 11541 17983
26.8163 11548 17990
26.8461 11554 17998
26.8764 11561 18004
26.9061 11567 18010
26.9392 11573 18016
26.9714 11579 18023
27.0049 11586 18030
27.0366 11592 18037
27.0706 11598 18044
27.1036 11604 18051
27.1367 11612 18058
27.1691 11619 18064
27.2023 11625 18070
27.2347 11632 18078
27.2718 11638 18085
27.3023 11644 18092
27.335 11650 18099
27.3674 11658 18108
27.4022 11666 18116
27.4331 11676 18123
27.4661 11688 18134
27.4998 11700 18145
27.5324 11712 18157
27.5694 11725 18170
27.6071 11738 18182
27.6882 11749 18193
27.6902 11762 18206
27.6981 11775 18221
27.7586 11788 18234
27.7658 11800 18246
27.9407 11812 18259
28.0009 11850 18300
28.001 11889 18341
28.0276 11903 18356
28.0602 11916 18370
28.0947 11930 18384
28.1259 11945 18398
28.1596 11958 18412
28.1939 11971 18425
28.2251 11985 18437
28.258 11998 18449
28.2926 12010 18460
28.3247 12024 18474
28.3578 12037 18486
28.3924 12049 18499
28.4284 12062 18512
28.4598 12073 18526
28.491 12086 18540
28.5224 12100 18553
28.5627 12114 18567
28.5895 12129 18579
28.6214 12145 18590
28.6545 12160 18600
28.6878 12177 18610
28.7206 12194 18619
28.7532 12214 18628
28.7879 12231 18636
28.82 12251 18645
28.8521 12269 18654
28.8858 12287 18663
28.9189 12305 18671
28.9515 12321 18680
28.9841 12339 18687
29.0182 12357 18695
29.0506 12375 18702
29.0842 12394 18709
29.1187 12413 18717
29.1499 12431 18725
29.1861 12450 18733
29.2217 12470 18741
29.2556 12488 18748
29.2863 12507 18755
29.3169 12527 18763
29.3484 12546 18770
29.3822 12564 18779
29.4131 12582 18789
29.4472 12597 18798
29.4793 12608 18803
29.5128 12615 18804
29.5461 12619 18804
29.5782 12621 18804
29.612 12622 18804
29.6449 12621 18804
29.6783 12621 18804
29.7108 12622 18804
29.7434 12621 18804
29.7761 12621 18804
29.8095 12622 18804
29.844 12622 18804
29.8759 12621 18804
29.9763 12621 18804
29.9803 12621 18804
30.0115 12622 18804
30.1124 12621 18804
30.1157 12621 18804
30.1394 12621 18804
30.2453 12621 18804
30.2482 12622 18804
30.2715 12622 18805
30.3824 12622 18809
30.3856 12634 18824
30.405 12641 18832
30.5172 12649 18840
30.5201 12666 18855
30.5355 12674 18861
30.6522 12681 18867
30.6576 12688 18873
30.6577 12696 18881
30.6682 12704 18889
30.8072 12714 18900
30.8121 12762 18947
30.9256 12804 18988
30.9257 12828 19013
30.9341 12853 19037
30.9783 12878 19063
31.1688 12987 19171
31.2681 13243 19424
31.274 13298 19478
31.2951 13352 19532
31.4296 13408 19588
31.433 13592 19770
31.4604 13657 19830
31.7891 14260 20441
31.7976 14332 20513
31.9339 14403 20587
31.9415 14624 20811
31.9553 14702 20890
32.3241 15547 21729
32.7189 15900 22082
32.7819 16841 23028
32.7874 16938 23127
32.9428 17038 23226
32.9473 17235 23426
32.9474 17339 23525
32.9489 17440 23628
32.979 17546 23729
33.4274 17649 23832
33.449 17963 24146
33.4492 18690 24878
33.4605 18999 25191
33.4783 19105 25295
33.5144 19208 25401
33.5496 19314 25505
33.5818 19416 25607
33.6202 19522 25711
33.6577 19624 25811
33.6911 19724 25913
33.7267 19826 26010
33.7575 19928 26109
33.7876 20025 26207
33.8152 20123 26303
33.8427 20221 26399
33.8725 20319 26497
33.9033 20415 26595
33.9366 20512 26694
33.9687 20610 26792
34.002 20707 26890
34.0353 20807 26993
34.0683 20904 27088
34.1013 21000 27186
34.134 21098 27285
34.1672 21195 27380
34.2006 21293 27482
34.2346 21393 27576
34.2666 21491 27674
34.2991 21587 27773
34.3326 21684 27866
34.3654 21784 27965
34.399 21883 28062
34.4349 21979 28160
34.4708 22077 28259
34.5029 22175 28354
34.5335 22270 28452
34.5644 22369 28551
34.5959 22465 28647
34.6301 22563 28745
34.6624 22661 28842
34.6957 22756 28941
34.7284 22854 29041
34.7625 22949 29139
34.7938 23045 29236
34.8279 23143 29333
34.8603 23233 29427
34.8933 23310 29500
34.9257 23359 29547
34.9598 23377 29569
34.9922 23394 29580
35.0259 23398 29584
35.0586 23398 29584
35.0914 23398 29583
35.1243 23398 29584
35.1569 23398 29584
35.1905 23398 29584
35.2257 23398 29583
35.2627 23398 29584
35.2953 23398 29583
35.3257 23398 29584
35.3572 23398 29583
35.3896 23398 29584
35.4226 23398 29584
35.4547 23399 29584
35.487 23398 29584
35.5199 23399 29584
35.5659 23398 29584
35.5859 23398 29583
35.6194 23398 29584
35.6523 23398 29583
35.6852 23398 29584
35.7199 23398 29584
35.7531 23399 29583
35.7849 23398 29584
35.8181 23398 29583
35.8502 23398 29584
35.8838 23398 29583
35.9168 23399 29584
35.949 23398 29584
35.9825 23398 29583
36.0173 23399 29584
36.0542 23399 29583
36.0874 23398 29584
36.1178 23399 29583
36.1483 23398 29584
36.1806 23398 29584
36.2129 23399 29584
36.2468 23398 29583
36.2793 23399 29584
36.313 23398 29584
36.3453 23398 29584
36.3789 23398 29584
36.4139 23398 29584
36.444 23398 29584
36.4776 23398 29583
36.5106 23398 29583
36.5438 23398 29584
36.5768 23398 29584
36.609 23398 29584
36.6421 23398 29583
36.6752 23399 29583
36.7087 23398 29584
36.7447 23398 29584
36.7745 23398 29584
36.8089 23398 29584
36.8489 23398 29584
36.8835 23398 29583
36.9143 23398 29584
36.9437 23398 29584
36.9725 23398 29584
37.0056 23398 29584
37.0392 23398 29584
37.0716 23398 29583
37.1058 23398 29583
37.1378 23399 29584
37.1703 23399 29584
37.2042 23399 29584
37.2363 23398 29584
37.2702 23398 29584
37.3027 23398 29584
37.3363 23398 29584
37.3685 23399 29584
37.4022 23399 29584
37.4375 23399 29584
37.4675 23398 29584
37.5012 23398 29584
37.5332 23398 29584
37.5662 23398 29584
37.6004 23399 29584
37.6333 23398 29583
37.6663 23398 29583
37.6987 23398 29584
37.7326 23398 29584
37.7687 23398 29583
37.8113 23398 29584
37.8399 23398 29584
37.8706 23399 29587
37.9401 23398 29593
37.9441 23398 29599
37.9666 23398 29605
38.0188 23397 29612
38.0626 23390 29620
38.0651 23383 29626
38.0975 23376 29632
38.1311 23370 29637
38.1634 23363 29643
38.1971 23358 29647
38.2321 23351 29654
38.2631 23342 29663
38.2958 23334 29671
38.3317 23325 29681
38.3626 23314 29692
38.395 23302 29703
38.4276 23289 29714
38.4615 23276 29728
38.4941 23263 29740
38.5268 23248 29754
38.5641 23232 29769
38.6074 23217 29784
38.6264 23201 29800
38.6586 23184 29817
38.6922 23168 29833
38.7261 23152 29849
38.7583 23136 29867
38.7958 23120 29882
38.8256 23104 29897
38.8569 23089 29913
38.8922 23071 29929
38.9276 23055 29944
38.9568 23040 29959
38.9913 23025 29975
39.0357 23010 29990
39.0553 22996 30006
39.0889 22981 30021
39.1205 22965 30036
39.186 22950 30050
39.1899 22935 30066
39.2201 22918 30082
39.2533 22901 30099
39.2857 22886 30115
39.3199 22870 30132
39.3549 22854 30149
39.39 22838 30164
39.4224 22822 30180
39.4509 22807 30195
39.4858 22792 30210
39.5198 22775 30225
39.5501 22761 30240
39.5826 22747 30254
39.6165 22732 30270
39.6497 22717 30286
39.6818 22701 30302
39.7154 22686 30318
39.7481 22670 30333
39.7805 22654 30349
39.8156 22637 30366
39.8473 22622 30383
39.8838 22606 30399
39.9133 22591 30414
39.9463 22575 30431
39.9791 22559 30447
40.012 22543 30462
40.045 22528 30477
40.0779 22513 30492
40.1122 22496 30508
40.1448 22482 30523
40.1778 22468 30538
40.2104 22453 30554
40.2435 22437 30570
40.2764 22422 30586
40.3092 22406 30602
40.3489 22390 30619
40.3749 22373 30636
40.4079 22357 30654
40.4409 22340 30671
40.4745 22325 30686
40.5098 22309 30703
40.5441 22295 30719
40.5742 22279 30733
40.6064 22263 30748
40.6396 22249 30764
40.672 22234 30780
40.7048 22219 30795
40.7393 22203 30811
40.7718 22188 30826
40.8044 22174 30842
40.8372 22159 30858
40.8722 22142 30874
40.9044 22125 30891
40.9363 22111 30907
40.9699 22094 30924
41.0028 22077 30941
41.0453 22061 30958
41.0849 22045 30974
41.1023 22029 30989
41.1351 22014 31005
41.1682 21999 31019
41.2018 21985 31034
41.234 21970 31049
41.2671 21955 31064
41.3051 21938 31082
41.3335 21922 31098
41.3674 21906 31114
41.4036 21891 31131
41.4329 21875 31146
41.4662 21858 31161
41.4999 21843 31177
41.5337 21827 31193
41.5669 21811 31210
41.5984 21795 31225
41.63 21779 31241
41.6634 21764 31256
41.6953 21749 31270
41.7281 21734 31286
41.7639 21719 31302
41.795 21704 31316
41.8275 21688 31330
41.8601 21672 31347
41.8942 21657 31362
41.9268 21639 31379
41.9599 21624 31397
41.9922 21608 31413
42.0259 21592 31429
42.0587 21576 31446
42.091 21560 31461
42.1247 21543 31475
42.1583 21528 31490
42.1901 21513 31504
42.2257 21497 31519
42.2563 21483 31534
42.2901 21468 31550
42.3283 21453 31568
42.356 21438 31582
42.3902 21421 31597
42.4226 21405 31613
42.4562 21388 31629
42.4902 21371 31645
42.5243 21354 31660
42.5575 21338 31677
42.5919 21323 31694
42.6221 21307 31710
42.6557 21291 31726
42.6878 21273 31742
42.7207 21258 31755
42.7536 21242 31772
42.7855 21226 31785
42.8187 21211 31800
42.852 21197 31815
42.898 21181 31832
42.9286 21167 31847
42.9568 21151 31864
42.9851 21134 31880
43.0157 21118 31896
43.0493 21102 31911
43.0818 21085 31928
43.1144 21068 31944
43.1476 21053 31960
43.1798 21038 31975
43.2131 21021 31991
43.247 21007 32004
43.2789 20997 32014
43.312 20991 32019
43.3442 20988 32021
43.3772 20988 32021
43.4124 20988 32021
43.4461 20988 32021
43.4794 20988 32021
43.5128 20988 32021
43.5441 20988 32021
43.5769 20988 32021
43.615 20988 32021
43.6471 20988 32020
43.6806 20988 32021
43.7125 20988 32021
43.7451 20988 32021
43.7813 20988 32021
43.8136 20988 32021
43.8466 20988 32021
43.8795 20988 32021
43.9156 20988 32021
43.9488 20988 32021
43.9816 20988 32021
44.015 20988 32021
44.0479 20988 32021
44.0802 20988 32021
44.1129 20988 32021
44.1465 20988 32021
44.1791 20988 32021
44.2119 20988 32021
44.2488 20987 32021
44.2799 20988 32021
44.3139 20988 32022
44.3469 20988 32022
44.3829 20988 32025
44.4143 20988 32032
44.4468 20988 32040
44.4798 20988 32048
44.5175 20989 32057
44.5481 20996 32064
44.5826 21003 32072
44.6131 21008 32079
44.6463 21014 32086
44.6834 21021 32093
44.7144 21026 32098
44.7482 21032 32104
44.7819 21040 32112
44.8134 21050 32122
44.8509 21062 32136
44.8813 21075 32151
44.914 21091 32166
44.9471 21109 32183
44.9827 21128 32203
45.0154 21148 32222
45.0486 21169 32242
45.0812 21190 32264
45.1176 21213 32288
45.1491 21236 32310
45.1817 21261 32333
45.2165 21287 32357
45.2486 21313 32383
45.2852 21339 32412
45.3167 21365 32438
45.3491 21391 32464
45.382 21418 32489
45.4176 21449 32518
45.4522 21475 32543
45.4833 21499 32571
45.5188 21526 32595
45.5523 21549 32620
45.5882 21578 32648
45.6173 21604 32676
45.6496 21629 32703
45.6829 21655 32730
45.7188 21684 32756
45.7519 21710 32781
45.7848 21738 32808
45.8208 21765 32837
45.8518 21792 32862
45.8855 21816 32889
45.9213 21843 32916
45.953 21869 32943
45.9861 21895 32970
46.0221 21924 33000
46.0545 21950 33025
46.0868 21978 33053
46.1205 22006 33083
46.1576 22037 33115
46.1877 22068 33146
46.2212 22099 33177
46.2578 22132 33214
46.2893 22166 33247
46.3221 22197 33279
46.3548 22229 33312
46.3879 22261 33342
46.4242 22297 33376
46.4562 22328 33409
46.4896 22360 33440
46.5265 22393 33472
46.5599 22430 33508
46.5904 22462 33543
46.6262 22494 33573
46.6595 22528 33607
46.6908 22562 33641
46.7242 22595 33674
46.7611 22627 33709
46.793 22660 33742
46.8253 22692 33773
46.8585 22725 33805
46.8947 22760 33839
46.9262 22793 33871
46.9611 22824 33902
46.9918 22858 33934
47.0296 22893 33971
47.0603 22924 34004
47.0927 22956 34035
47.129 22991 34069
47.1608 23023 34104
47.1943 23055 34136
47.2278 23087 34167
47.2646 23123 34202
47.2954 23155 34235
47.3282 23188 34268
47.3679 23224 34303
47.3968 23256 34336
47.4294 23290 34366
47.4663 23325 34401
47.5117 23358 34433
47.5307 23390 34466
47.5667 23427 34502
47.5979 23461 34536
47.6309 23493 34567
47.6644 23527 34600
47.7011 23563 34635
47.7326 23597 34667
47.7655 23628 34699
47.8036 23664 34735
47.8333 23698 34768
47.8666 23732 34804
47.9365 23767 34838
47.9397 23798 34871
47.9676 23831 34904
48.0043 23868 34939
48.0352 23898 34972
48.0682 23929 35006
48.1045 23965 35041
48.137 23999 35076
48.1701 24032 35108
48.2027 24063 35140
48.2396 24098 35177
48.2716 24133 35211
48.3033 24167 35247
48.3512 24202 35284
48.3734 24243 35323
48.4044 24282 35359
48.4385 24318 35397
48.476 24357 35437
48.5067 24394 35475
48.5385 24435 35513
48.5746 24471 35553
48.6072 24515 35595
48.6408 24553 35633
48.6726 24593 35673
48.7087 24634 35715
48.743 24673 35752
48.7994 24715 35796
48.822 24756 35835
48.842 24795 35873
48.8824 24835 35910
48.9152 24876 35952
48.9435 24914 35989
48.9766 24952 36027
49.0132 24994 36069
49.0431 25032 36109
49.0829 25074 36149
49.1122 25114 36189
49.1447 25153 36227
49.1896 25192 36265
49.2138 25233 36307
49.2472 25272 36346
49.2786 25311 36387
49.316 25351 36428
49.3462 25391 36464
49.3803 25429 36503
49.4185 25471 36546
49.4472 25511 36585
49.481 25553 36623
49.521 25594 36666
49.5491 25632 36705
49.5819 25671 36742
49.6178 25713 36786
49.6497 25750 36825
49.683 25791 36862
49.7192 25833 36904
49.7525 25872 36942
49.7838 25911 36983
49.8202 25952 37026
49.8516 25991 37065
49.8861 26030 37106
49.9222 26071 37147
49.9537 26109 37186
49.986 26148 37225
50.0225 26189 37265
50.0562 26226 37304
50.0867 26266 37344
50.1233 26307 37386
50.1552 26343 37422
50.1881 26382 37461
50.2239 26424 37503
50.257 26462 37541
50.2887 26500 37579
50.3254 26542 37622
50.3567 26581 37661
50.3898 26618 37698
50.4223 26657 37735
50.4588 26700 37778
50.4901 26737 37816
50.5277 26778 37857
50.5649 26817 37896
50.5906 26856 37935
50.6387 26898 37976
50.6603 26935 38014
50.6926 26974 38052
50.7289 27015 38095
50.7616 27054 38132
50.8078 27093 38171
50.8594 27130 38210
50.8649 27172 38251
50.8954 27210 38290
50.9305 27250 38328
50.9638 27290 38371
50.9963 27329 38410
51.0304 27369 38448
51.0649 27411 38489
51.0982 27451 38526
51.1306 27489 38565
51.1661 27534 38608
51.1973 27573 38647
51.2342 27612 38685
51.2659 27655 38726
51.3012 27696 38767
51.3324 27732 38805
51.3695 27773 38847
51.3995 27814 38887
51.4323 27852 38927
51.4689 27893 38968
51.5008 27933 39007
51.5341 27972 39046
51.5709 28014 39089
51.6023 28053 39129
51.6347 28094 39168
51.6716 28134 39211
51.7049 28172 39250
51.7368 28209 39289
51.7738 28252 39330
51.8046 28289 39371
51.8376 28329 39410
51.8713 28373 39451
51.9038 28410 39488
51.937 28448 39527
51.9755 28489 39568
52.0045 28529 39607
52.0372 28567 39648
52.0734 28608 39688
52.1066 28647 39727
52.1397 28685 39765
52.1828 28724 39802
52.2065 28763 39840
52.2412 28806 39884
52.2729 28845 39925
52.3059 28886 39962
52.3441 28929 40002
52.3736 28968 40041
52.4065 29005 40079
52.4424 29045 40119
52.4745 29084 40159
52.5081 29122 40199
52.5432 29163 40238
52.5763 29201 40276
52.6088 29241 40314
52.6452 29283 40357
52.6771 29320 40396
52.7097 29360 40435
52.7458 29401 40478
52.7781 29440 40515
52.8109 29478 40552
52.8434 29517 40590
52.8802 29559 40633
52.9127 29599 40672
52.9484 29643 40712
52.9796 29681 40751
53.0131 29720 40790
53.049 29762 40833
53.0813 29801 40872
53.1143 29838 40912
53.1472 29878 40950
53.1838 29922 40991
53.2152 29960 41030
53.2483 29998 41069
53.285 30041 41110
53.3166 30079 41151
53.3496 30116 41192
53.3879 30159 41233
53.4168 30198 41273
53.4503 30237 41313
53.4835 30275 41351
53.5245 30314 41393
53.5513 30353 41433
53.5849 30391 41472
53.621 30432 41511
53.6521 30471 41548
53.6861 30509 41587
53.722 30549 41630
53.753 30587 41667
53.7866 30627 41705
53.8229 30668 41750
53.8552 30707 41786
53.8876 30744 41824
53.924 30788 41868
53.9574 30825 41906
53.9886 30864 41944
54.0269 30906 41985
54.0557 30944 42022
54.0895 30983 42060
54.1255 31024 42102
54.1572 31063 42140
54.1903 31100 42180
54.2268 31140 42221
54.2584 31180 42261
54.291 31218 42300
54.3278 31258 42340
54.3594 31298 42378
54.3921 31338 42418
54.4278 31378 42460
54.4616 31418 42499
54.4931 31457 42536
54.5465 31500 42577
54.5619 31539 42615
54.5939 31575 42653
54.6276 31616 42693
54.664 31658 42737
54.6953 31697 42774
54.731 31739 42815
54.7634 31781 42855
54.7966 31819 42894
54.8292 31858 42934
54.8682 31900 42975
54.9035 31940 43016
54.9409 31978 43055
54.9677 32019 43096
54.999 32059 43135
55.0349 32099 43179
55.0659 32139 43220
55.1102 32179 43259
55.1322 32218 43299
55.1686 32258 43339
55.2007 32296 43381
55.2334 32335 43418
55.2697 32376 43460
55.301 32414 43500
55.3348 32455 43538
55.3717 32497 43576
55.4023 32534 43615
55.4358 32572 43652
55.4716 32617 43695
55.5035 32654 43737
55.5382 32692 43774
55.5732 32735 43815
55.604 32774 43855
55.6404 32812 43892
55.6745 32852 43932
55.7053 32891 43971
55.7426 32930 44012
55.7751 32973 44053
55.8064 33012 44088
55.8423 33052 44128
55.8724 33090 44168
55.9063 33127 44204
55.9436 33168 44248
55.9735 33208 44287
56.0069 33247 44326
56.0436 33288 44365
56.0745 33327 44403
56.1078 33365 44443
56.1411 33404 44482
56.1777 33446 44523
56.2103 33484 44563
56.2422 33523 44600
56.276 33562 44640
56.3074 33602 44678
56.3405 33640 44717
56.3773 33683 44759
56.4085 33724 44798
56.4417 33764 44836
56.4748 33802 44874
56.5132 33844 44916
56.5429 33884 44954
56.5752 33921 44995
56.6091 33959 45033
56.6418 34000 45072
56.6778 34043 45114
56.7108 34082 45154
56.7482 34118 45192
56.775 34157 45232
56.8096 34196 45272
56.8418 34235 45312
56.8792 34275 45354
56.9101 34315 45391
56.9427 34354 45431
56.9753 34392 45470
57.0116 34431 45512
57.044 34470 45552
57.0766 34509 45591
57.1097 34546 45628
57.1467 34585 45665
57.1795 34627 45708
57.2106 34664 45747
57.2438 34703 45785
57.2761 34744 45824
57.3099 34782 45863
57.3462 34823 45903
57.382 34861 45943
57.411 34899 45982
57.4437 34938 46021
57.4763 34976 46059
57.5129 35015 46098
57.5639 35057 46137
57.5771 35096 46175
57.6107 35135 46213
57.6445 35174 46254
57.68 35216 46295
57.7128 35253 46333
57.7464 35293 46372
57.7783 35330 46412
57.8119 35368 46448
57.8434 35407 46486
57.8763 35446 46527
57.933 35486 46568
57.9449 35526 46607
57.9841 35566 46644
58.0107 35606 46683
58.0434 35645 46721
58.077 35684 46760
58.1098 35723 46799
58.1425 35762 46839
58.1784 35804 46881
58.2113 35844 46918
58.2436 35882 46956
58.2773 35909 46984
58.3113 35927 47002
58.3434 35938 47013
58.3797 35942 47017
58.411 35943 47017
58.4436 35942 47018
58.4772 35942 47017
58.5122 35942 47017
58.5451 35943 47017
58.5935 35942 47017
58.6117 35942 47017
58.6441 35942 47017
58.6782 35942 47017
58.7105 35942 47017
58.7429 35942 47018
58.7791 35943 47017
58.8109 35943 47018
58.8649 35943 47017
58.8782 35943 47017
58.9126 35942 47017
58.9428 35942 47017
58.9937 35942 47017
59.0111 35943 47017
59.0441 35942 47017
59.0939 35942 47017
59.1126 35942 47017
59.1427 35942 47017
59.2024 35942 47017
59.2219 35942 47017
59.2431 35942 47017
59.2867 35942 47017
59.312 35942 47020
59.3409 35942 47026
59.3736 35943 47031
59.4059 35942 47035
59.4394 35942 47040
59.4729 35942 47045
59.5059 35942 47050
59.5399 35940 47056
59.5731 35932 47062
59.605 35925 47068
59.6398 35919 47076
59.6714 35913 47082
59.704 35906 47087
59.7389 35899 47094
59.7838 35894 47099
59.8032 35887 47107
59.8368 35878 47114
59.8697 35868 47124
59.9039 35858 47133
59.9374 35848 47144
59.9763 35838 47154
60.0032 35829 47164
60.0341 35818 47175
60.0681 35807 47187
60.1008 35797 47197
60.1335 35786 47208
60.1793 35776 47218
60.1995 35766 47228
60.2314 35755 47240
60.2655 35742 47251
60.2986 35732 47261
60.3307 35721 47273
60.3673 35710 47284
60.3984 35700 47295
60.4306 35688 47307
60.4632 35676 47319
60.4976 35666 47329
60.5321 35655 47339
60.5642 35644 47351
60.5963 35634 47361
60.6292 35622 47370
60.6617 35611 47379
60.6941 35602 47389
60.7267 35591 47399
60.7604 35580 47409
60.7926 35570 47419
60.8285 35560 47430
60.8632 35549 47441
60.8938 35539 47452
60.9348 35528 47464
60.9612 35518 47476
60.9954 35508 47487
61.024 35497 47498
61.0566 35485 47509
61.0943 35475 47520
61.1256 35465 47530
61.1568 35453 47540
61.1911 35442 47551
61.2221 35432 47561
61.2596 35421 47572
61.2892 35410 47583
61.3215 35399 47595
61.3541 35387 47606
61.3879 35377 47617
61.4205 35366 47625
61.453 35355 47636
61.4863 35344 47646
61.5206 35334 47655
61.554 35324 47665
61.5858 35315 47675
61.6186 35305 47684
61.6511 35296 47695
61.6846 35286 47705
61.7172 35275 47715
61.7501 35264 47727
61.7851 35254 47737
61.8354 35243 47749
61.9221 35211 47783
61.9699 35200 47793
61.9902 35189 47805
62.0267 35179 47816
62.0478 35167 47826
62.0857 35157 47837
62.1151 35147 47845
62.1471 35135 47855
62.1818 35125 47864
62.2121 35114 47875
62.2496 35104 47886
62.2787 35095 47895
62.3109 35085 47906
62.3448 35074 47917
62.3778 35063 47927
62.4122 35053 47938
62.4469 35044 47949
62.4771 35035 47958
62.5096 35025 47969
62.5446 35015 47979
62.5769 35004 47989
62.6093 34993 48000
62.6417 34982 48010
62.6746 34973 48021
62.7071 34962 48032
62.7407 34951 48043
62.7738 34939 48055
62.8088 34929 48066
62.84 34918 48077
62.8739 34908 48090
62.9058 34897 48100
62.9395 34887 48110
62.9715 34877 48121
63.0047 34866 48129
63.0377 34856 48139
63.0732 34846 48148
63.1045 34835 48159
63.1361 34825 48168
63.1739 34815 48177
63.2047 34804 48188
63.236 34794 48198
63.2682 34784 48209
63.3018 34775 48220
63.3556 34764 48231
63.3679 34754 48242
63.4008 34744 48254
63.4337 34733 48264
63.466 34722 48274
63.4997 34712 48286
63.5357 34701 48296
63.5687 34690 48307
63.6008 34679 48317
63.632 34668 48328
63.6645 34657 48339
63.6975 34646 48350
63.7322 34635 48359
63.764 34624 48370
63.796 34615 48380
63.8327 34604 48390
63.8628 34593 48401
63.9312 34584 48410
63.964 34573 48420
63.9686 34563 48429
63.9948 34553 48441
64.0303 34543 48452
64.0618 34533 48462
64.1042 34524 48472
64.14 34514 48482
64.1597 34504 48492
64.193 34493 48503
64.2278 34482 48515
64.2582 34471 48526
64.2915 34462 48536
64.325 34451 48547
64.3583 34440 48559
64.3927 34429 48570
64.4249 34418 48581
64.4562 34407 48591
64.4898 34398 48602
64.5238 34387 48613
64.5571 34376 48623
64.5893 34365 48633
64.6212 34354 48642
64.6551 34344 48651
64.6878 34333 48662
64.7201 34322 48672
64.7542 34311 48683
64.7886 34301 48692
64.8211 34291 48703
64.8575 34280 48713
64.8903 34272 48726
64.9225 34261 48736
64.9577 34250 48746
64.9884 34240 48757
65.023 34230 48768
65.0708 34219 48780
65.1336 34197 48802
65.1534 34187 48812
65.1906 34177 48822
65.2191 34165 48833
65.2492 34155 48843
65.2823 34144 48855
65.316 34134 48866
65.3481 34123 48877
65.3807 34112 48888
65.4132 34101 48897
65.4562 34090 48907
65.4836 34079 48917
65.5126 34069 48926
65.5479 34059 48937
65.5795 34049 48948
65.6118 34039 48958
65.6446 34029 48968
65.6784 34019 48979
65.711 34008 48989
65.7436 33998 49001
65.7786 33987 49013
65.8131 33977 49024
65.8429 33966 49036
65.8755 33955 49047
65.9194 33945 49058
65.9518 33934 49070
66.0028 33923 49081
66.0115 33912 49092
66.051 33903 49101
66.0819 33892 49111
66.1126 33881 49120
66.1432 33871 49130
66.1728 33859 49141
66.2074 33848 49151
66.2396 33838 49160
66.2722 33827 49171
66.3049 33818 49180
66.339 33811 49189
66.3713 33808 49193
66.4043 33807 49193
66.437 33807 49193
66.4695 33807 49193
66.5031 33808 49193
66.5387 33807 49193
66.5706 33808 49193
66.6028 33807 49194
66.6347 33807 49194
66.6678 33807 49193
66.7005 33808 49193
66.7344 33808 49193
66.7777 33807 49193
66.803 33807 49193
66.845 33807 49193
66.9095 33807 49193
66.9406 33808 49193
66.967 33807 49193
67.0007 33808 49193
67.0582 33808 49193
67.0744 33807 49193
67.0971 33808 49193
67.1347 33808 49193
67.1635 33808 49193
67.1987 33807 49193
67.2432 33806 49195
67.2699 33802 49196
67.298 33800 49199
67.3308 33797 49202
67.3746 33793 49206
67.4011 33787 49211
67.4447 33783 49216
67.4659 33778 49222
67.4956 33773 49228
67.5291 33768 49236
67.5649 33763 49241
67.6299 33758 49249
67.6589 33752 49254
67.6613 33747 49258
67.6923 33741 49263
67.7241 33736 49267
67.759 33731 49271
67.8218 33730 49274
67.962 33727 49276
67.9621 33728 49277
68.0196 33727 49276
68.1072 33727 49276
68.1073 33727 49276
68.1205 33727 49276
68.1612 33727 49276
68.2171 33727 49276
68.2232 33727 49276
68.2537 33728 49276
68.2857 33727 49276
68.3277 33728 49276
68.3695 33727 49276
68.4078 33727 49277
68.4303 33727 49276
68.4683 33727 49276
68.4878 33727 49276
68.5194 33727 49276
68.5592 33727 49278
68.5913 33727 49285
68.6165 33727 49295
68.6491 33727 49305
68.6839 33729 49315
68.7183 33734 49322
68.758 33740 49330
68.7819 33747 49337
68.8197 33753 49346
68.8552 33760 49353
68.88 33767 49361
68.9127 33773 49367
68.9451 33780 49374
68.9781 33788 49384
69.0114 33797 49393
69.0468 33808 49402
69.092 33821 49414
69.1131 33831 49426
69.1435 33843 49438
69.1759 33857 49452
69.21 33871 49464
69.2424 33884 49478
69.2749 33897 49493
69.3089 33912 49507
69.3412 33928 49524
69.3749 33945 49541
69.41 33963 49558
69.4407 33983 49579
69.4733 34004 49598
69.5059 34023 49618
69.5421 34041 49636
69.5741 34060 49656
69.6069 34079 49676
69.6395 34097 49694
69.6718 34115 49711
69.7046 34135 49731
69.737 34153 49750
69.7729 34173 49768
69.8036 34192 49789
69.8388 34211 49807
69.871 34231 49827
69.904 34251 49847
69.937 34270 49867
69.9735 34289 49887
70.0023 34309 49906
70.0354 34328 49925
70.07 34346 49943
70.1007 34364 49960
70.1332 34382 49979
70.1657 34402 50000
70.1992 34423 50021
70.2327 34446 50044
70.2657 34469 50070
70.2981 34493 50094
70.3327 34519 50118
70.3646 34544 50144
70.3972 34571 50169
70.4307 34595 50195
70.4632 34621 50220
70.4968 34647 50244
70.5309 34673 50269
70.5637 34699 50294
70.6037 34726 50321
70.629 34752 50349
70.6639 34778 50375
70.6943 34804 50400
70.7279 34830 50425
70.761 34856 50450
70.7959 34882 50477
70.8267 34906 50503
70.8599 34931 50528
70.8942 34958 50553
70.926 34984 50580
70.9713 35010 50607
70.9915 35037 50634
71.0252 35063 50660
71.0585 35090 50687
71.0909 35115 50713
71.1238 35145 50739
71.1572 35173 50767
71.1891 35201 50797
71.2229 35232 50827
71.2558 35263 50861
71.2883 35296 50894
71.3211 35328 50926
71.3544 35359 50958
71.3878 35392 50992
71.4212 35425 51024
71.4537 35459 51058
71.4863 35491 51091
71.52 35523 51125
71.5547 35557 51159
71.5865 35591 51193
71.619 35624 51225
71.6517 35656 51257
71.6844 35690 51290
71.7182 35724 51323
71.752 35756 51357
71.783 35789 51389
71.8198 35822 51424
71.8502 35855 51459
71.8832 35890 51492
71.9157 35922 51522
71.9485 35955 51556
71.984 35988 51588
72.0149 36022 51621
72.0495 36055 51656
72.0825 36087 51688
72.1133 36121 51721
72.1465 36154 51753
72.1794 36185 51785
72.2125 36218 51816
72.2461 36251 51849
72.2787 36285 51881
72.3113 36318 51916
72.3449 36350 51950
72.3797 36383 51982
72.4129 36415 52013
72.446 36446 52047
72.4785 36477 52080
72.5112 36507 52114
72.5455 36539 52151
72.578 36570 52189
72.6105 36597 52226
72.6432 36624 52261
72.676 36650 52300
72.7085 36678 52337
72.7413 36708 52376
72.7737 36734 52412
72.8063 36760 52450
72.8443 36787 52488
72.8854 36815 52524
72.9138 36844 52561
72.942 36872 52600
72.9712 36899 52638
73.0047 36925 52675
73.0385 36953 52714
73.0705 36981 52754
73.104 37010 52790
73.1365 37037 52827
73.1722 37066 52863
73.2026 37093 52903
73.2359 37122 52941
73.269 37151 52978
73.3023 37176 53015
73.3351 37203 53053
73.3679 37229 53091
73.4005 37256 53129
73.4333 37284 53168
73.4664 37312 53207
73.4994 37340 53244
73.5322 37369 53282
73.566 37396 53320
73.5987 37423 53360
73.6315 37448 53398
73.6643 37474 53440
73.6978 37498 53483
73.7313 37522 53524
73.7662 37546 53567
73.7969 37568 53611
73.8297 37590 53653
73.8636 37612 53698
73.8964 37634 53740
73.9289 37656 53783
73.9615 37680 53824
73.9964 37700 53866
74.0299 37721 53910
74.0625 37743 53953
74.0975 37765 53995
74.1275 37790 54040
74.1601 37814 54082
74.193 37837 54123
74.2261 37859 54168
74.2587 37880 54211
74.2921 37902 54252
74.3252 37922 54296
74.3582 37944 54337
74.3905 37965 54378
74.4236 37987 54422
74.4574 38009 54466
74.49 38030 54508
74.5223 38053 54551
74.5573 38075 54595
74.5895 38099 54637
74.6222 38122 54681
74.6554 38144 54725
74.6885 38166 54768
74.721 38188 54810
74.7538 38211 54850
74.7897 38234 54891
74.8218 38259 54930
74.8592 38285 54972
74.887 38311 55010
74.9347 38340 55047
74.999 38394 55121
75.0261 38422 55162
75.0521 38449 55200
75.0849 38477 55238
75.1166 38502 55278
75.1514 38531 55316
75.1832 38558 55353
75.2158 38584 55390
75.2484 38612 55429
75.2824 38639 55468
75.3153 38667 55508
75.3491 38692 55546
75.3806 38719 55583
75.4146 38747 55621
75.4475 38774 55660
75.4799 38801 55697
75.5129 38830 55737
75.5495 38858 55777
75.5805 38884 55813
75.6128 38913 55850
75.6456 38940 55889
75.6782 38970 55925
75.7109 38995 55963
75.7453 39021 56001
75.7772 39050 56039
75.8105 39078 56076
75.8434 39107 56112
75.8759 39136 56150
75.9089 39166 56183
75.9432 39196 56218
75.9756 39228 56251
76.008 39262 56285
76.0433 39293 56317
76.076 39326 56348
76.1065 39358 56380
76.1414 39392 56413
76.1738 39424 56446
76.2066 39458 56477
76.2389 39492 56506
76.2732 39529 56539
76.3053 39564 56567
76.3391 39602 56594
76.3782 39639 56622
76.404 39676 56648
76.4408 39715 56676
76.6529 39948 56842
77.0852 40443 57199
77.0972 40480 57227
77.1309 40518 57256
77.1657 40555 57284
77.1957 40592 57312
77.2302 40629 57338
77.2616 40670 57365
77.2956 40707 57394
77.3279 40743 57421
77.3607 40780 57449
77.3938 40821 57476
77.4284 40857 57506
77.4607 40894 57535
77.493 40932 57562
77.5268 40972 57590
77.5612 41008 57618
77.5944 41045 57645
77.6269 41084 57673
77.6601 41122 57701
77.693 41161 57728
77.7259 41201 57755
77.7593 41239 57785
77.7907 41276 57813
77.8361 41312 57841
77.8559 41350 57868
77.8899 41388 57893
77.954 41425 57920
77.9611 41464 57947
77.989 41503 57976
78.0236 41540 58003
78.0542 41577 58029
78.0897 41615 58058
78.1206 41655 58086
78.1538 41692 58114
78.1868 41729 58142
78.2199 41768 58167
78.2529 41806 58194
78.2869 41843 58221
78.3196 41881 58250
78.3521 41923 58278
78.3847 41961 58306
78.4178 41999 58334
78.4504 42035 58360
78.4832 42073 58387
78.5166 42111 58414
78.5504 42149 58441
78.5835 42187 58467
78.6176 42226 58494
78.648 42264 58523
78.6816 42302 58551
78.7139 42339 58579
78.748 42377 58606
78.7802 42416 58634
78.816 42453 58662
78.849 42490 58689
78.8822 42527 58717
78.9164 42563 58745
78.9474 42597 58775
78.9808 42632 58806
79.0161 42665 58836
79.0498 42698 58868
79.0822 42731 58900
79.1105 42766 58930
79.1468 42799 58964
79.1952 42830 58995
79.2093 42863 59027
79.2419 42898 59062
79.2752 42932 59096
79.3082 42964 59128
79.3432 42995 59160
79.3763 43028 59192
79.408 43061 59225
79.4407 43093 59259
79.4741 43124 59292
79.5063 43157 59325
79.5404 43191 59358
79.5738 43225 59393
79.606 43257 59427
79.639 43289 59458
79.6721 43320 59491
79.7057 43354 59525
79.7386 43386 59559
79.809 43417 59592
79.8517 43482 59660
79.8792 43514 59692
79.9045 43546 59724
79.9375 43579 59758
79.9697 43613 59790
80.0021 43646 59823
80.0368 43677 59856
80.0682 43712 59891
80.1219 43745 59924
80.1392 43779 59955
80.1669 43811 59988
80.1994 43843 60019
80.2333 43877 60052
80.2659 43910 60085
80.2985 43943 60118
80.3314 43977 60149
80.3662 44011 60182
80.3978 44046 60214
80.4305 44079 60248
80.4641 44111 60279
80.4964 44144 60312
80.5302 44178 60346
80.5646 44212 60380
80.5967 44245 60413
80.6297 44276 60443
80.6689 44309 60474
80.6993 44342 60508
80.7305 44373 60540
80.7628 44405 60572
80.794 44438 60604
80.8271 44474 60637
80.8596 44507 60669
80.8923 44538 60702
80.9261 44570 60733
80.9594 44601 60767
80.9941 44634 60799
81.0406 44666 60833
81.0883 44698 60866
81.1279 44732 60899
81.128 44766 60931
81.1691 44800 60965
81.2521 44832 60996
81.2688 44862 61027
81.2741 44897 61060
81.2934 44929 61093
81.3343 44961 61126
81.355 44995 61159
81.3881 45027 61191
81.4212 45061 61225
81.4536 45094 61257
81.4875 45124 61290
81.5199 45158 61323
81.5544 45191 61357
81.5867 45224 61390
81.6195 45259 61421
81.6521 45291 61453
81.685 45325 61487
81.7178 45357 61521
81.7526 45388 61553
81.7837 45420 61586
81.818 45453 61620
81.8749 45487 61655
81.8827 45520 61687
81.9156 45552 61719
81.9542 45585 61753
81.984 45618 61787
82.0154 45649 61819
82.0498 45682 61851
82.0883 45714 61885
82.1279 45748 61918
82.1534 45781 61951
82.1827 45814 61983
82.2153 45846 62014
82.2491 45879 62047
82.2805 45911 62079
82.3139 45945 62112
82.3474 45977 62145
82.3789 46012 62178
82.4142 46046 62211
82.4455 46078 62243
82.4778 46112 62275
82.5104 46143 62307
82.545 46176 62339
82.5775 46208 62372
82.6098 46242 62407
82.6429 46275 62439
82.675 46309 62471
82.711 46342 62503
82.7415 46374 62535
82.7766 46406 62567
82.8064 46439 62600
82.8404 46471 62633
82.8792 46503 62665
82.9068 46537 62697
82.9411 46570 62730
82.9722 46603 62764
83.0062 46635 62797
83.0402 46666 62828
83.0721 46698 62861
83.1042 46732 62894
83.1368 46763 62927
83.1698 46794 62960
83.2026 46825 62992
83.2369 46859 63023
83.2688 46890 63055
83.3029 46922 63087
83.3357 46955 63119
83.3683 46988 63153
83.4009 47023 63187
83.4345 47055 63220
83.4669 47089 63252
83.5005 47121 63285
83.5328 47153 63317
83.5674 47186 63351
83.6 47218 63384
83.6324 47249 63418
83.6648 47281 63451
83.7005 47315 63486
83.7324 47348 63518
83.7672 47382 63551
83.7975 47412 63583
83.8313 47446 63616
83.864 47478 63650
83.8966 47510 63684
83.9289 47540 63717
83.9631 47563 63742
83.9955 47577 63755
84.031 47585 63763
84.0637 47587 63764
84.0944 47587 63764
84.1268 47587 63764
84.1608 47587 63765
84.193 47587 63764
84.2267 47587 63764
84.2593 47587 63765
84.2919 47587 63764
84.3258 47587 63764
84.3587 47587 63764
84.3909 47587 63765
84.4251 47587 63764
84.4574 47587 63764
84.4902 47587 63764
84.5238 47586 63765
84.5576 47587 63764
84.5905 47587 63764
84.6224 47587 63764
84.6547 47587 63764
84.6876 47587 63764
84.7227 47587 63764
84.757 47587 63764
84.7879 47587 63764
84.8208 47587 63764
84.8538 47587 63764
84.8986 47587 63764
84.9282 47587 63764
84.9569 47587 63764
84.9856 47586 63764
85.0178 47587 63766
85.0507 47587 63771
85.0852 47587 63779
85.1178 47587 63786
85.1498 47587 63793
85.1825 47585 63800
85.2156 47580 63805
85.2487 47574 63811
85.2825 47568 63817
85.3145 47562 63823
85.3485 47557 63828
85.3813 47552 63833
85.4145 47545 63841
85.4474 47541 63846
85.48 47535 63852
85.5126 47530 63858
85.5459 47525 63863
85.5788 47520 63867
85.6119 47514 63873
85.6455 47509 63878
85.6787 47503 63883
85.7111 47497 63889
85.7463 47491 63895
85.7772 47486 63900
85.8156 47481 63906
85.8445 47475 63911
85.8773 47470 63917
85.9092 47465 63923
85.9477 47460 63928
85.9759 47454 63934
86.0096 47447 63940
86.0463 47441 63948
86.0753 47432 63955
86.1073 47423 63964
86.1408 47414 63976
86.1735 47405 63986
86.2067 47395 63995
86.2407 47385 64004
86.2735 47375 64015
86.3065 47365 64025
86.3387 47354 64033
86.3712 47344 64043
86.4048 47334 64052
86.4392 47325 64062
86.47 47314 64072
86.5037 47303 64083
86.5368 47293 64094
86.5711 47282 64104
86.6038 47272 64115
86.636 47262 64127
86.6723 47251 64140
86.7035 47240 64149
86.7371 47230 64160
86.7719 47220 64171
86.803 47208 64183
86.8362 47198 64194
86.87 47187 64204
86.9042 47177 64214
86.9341 47167 64224
86.9696 47155 64233
87.0003 47145 64243
87.0402 47134 64254
87.0665 47124 64265
87.1026 47114 64274
87.136 47104 64285
87.1653 47094 64296
87.1991 47083 64305
87.2317 47072 64316
87.2646 47064 64326
87.2982 47053 64336
87.3313 47043 64347
87.3636 47033 64357
87.396 47023 64367
87.4329 47012 64378
87.4652 47002 64388
87.4992 46990 64400
87.5304 46979 64411
87.5652 46968 64422
87.5971 46958 64434
87.6295 46947 64445
87.6632 46937 64456
87.696 46925 64467
87.7289 46914 64478
87.7612 46904 64489
87.795 46893 64499
87.8289 46883 64509
87.8643 46873 64518
87.897 46862 64527
87.9338 46852 64538
87.9604 46840 64547
87.9923 46830 64557
88.0284 46820 64567
88.0606 46810 64577
88.0921 46800 64589
88.1265 46790 64600
88.1599 46780 64611
88.1942 46769 64623
88.2258 46759 64633
88.2593 46749 64645
88.3065 46739 64655
88.3243 46728 64665
88.3573 46717 64675
88.3919 46706 64686
88.4233 46695 64696
88.4575 46684 64708
88.4896 46673 64720
88.523 46663 64730
88.5587 46651 64740
88.5903 46641 64750
88.6229 46631 64761
88.6556 46620 64770
88.6878 46609 64780
88.7209 46600 64789
88.754 46589 64798
88.7963 46579 64809
88.8201 46569 64821
88.8526 46560 64831
88.8867 46550 64841
88.9214 46540 64851
88.9519 46529 64861
88.9847 46519 64872
89.019 46508 64883
89.0509 46497 64895
89.0847 46487 64905
89.1166 46477 64916
89.1504 46465 64927
89.1834 46455 64938
89.2156 46444 64949
89.249 46433 64960
89.2821 46424 64971
89.3155 46412 64982
89.3503 46400 64993
89.3823 46390 65003
89.4154 46379 65011
89.4471 46368 65021
89.4799 46357 65031
89.5125 46348 65042
89.5458 46337 65052
89.5784 46328 65062
89.6112 46319 65071
89.6441 46309 65082
89.6771 46299 65094
89.7113 46287 65106
89.744 46275 65118
89.7763 46263 65130
89.8103 46249 65144
89.8436 46233 65158
89.8756 46217 65174
89.9153 46202 65189
89.9454 46187 65205
89.9743 46170 65221
90.01 46154 65237
90.0523 46138 65253
90.0763 46122 65269
90.1127 46107 65284
90.1418 46091 65299
90.1744 46075 65316
90.2074 46060 65331
90.2408 46046 65345
90.2735 46031 65361
90.3061 46015 65377
90.3394 45999 65393
90.3723 45983 65410
90.4047 45967 65426
90.4377 45951 65444
90.4703 45933 65461
90.5045 45917 65477
90.5364 45901 65492
90.5744 45884 65507
90.6044 45868 65523
90.637 45851 65538
90.6736 45834 65554
90.7045 45819 65571
90.7396 45803 65586
90.7762 45787 65603
90.8064 45772 65618
90.8397 45757 65635
90.8738 45742 65650
90.9099 45725 65667
90.9415 45709 65683
90.9738 45693 65700
91.0062 45677 65717
91.0432 45658 65735
91.0741 45641 65752
91.1076 45626 65768
91.1443 45609 65784
91.1758 45593 65798
91.2114 45578 65813
91.2449 45561 65831
91.276 45546 65845
91.3105 45531 65862
91.3425 45516 65878
91.3792 45501 65894
91.412 45484 65912
91.4447 45469 65927
91.4768 45453 65942
91.5092 45436 65959
91.5421 45421 65975
91.5767 45406 65992
91.6091 45389 66008
91.6422 45372 66024
91.6748 45356 66039
91.7073 45341 66055
91.7434 45325 66069
91.7731 45310 66083
91.8133 45294 66100
91.8423 45278 66115
91.8756 45263 66130
91.9078 45248 66145
91.9403 45234 66159
91.9765 45220 66172
92.0094 45214 66178
92.042 45211 66179
92.0746 45210 66179
92.1066 45210 66179
92.1431 45210 66179
92.1756 45210 66179
92.21 45210 66179
92.2414 45210 66179
92.2771 45210 66179
92.311 45210 66179
92.3432 45210 66179
92.3757 45210 66179
92.4088 45210 66179
92.4431 45210 66179
92.4796 45210 66179
92.6553 45210 66179
92.6554 45210 66179
92.8887 45210 66179
92.8888 45210 66179
93.9675 45210 66179
94.3779 45180 66209
94.3779 45157 66234
94.3831 45098 66288
94.4012 45087 66299
94.4351 45076 66309
94.4677 45066 66319
94.5004 45056 66328
94.534 45046 66337
94.5682 45036 66348
94.6009 45026 66359
94.6336 45017 66370
94.6664 45007 66381
94.7001 44997 66391
94.7337 44988 66401
94.767 44980 66409
94.7989 44976 66413
94.8317 44975 66413
94.8659 44975 66413
94.8992 44975 66414
94.934 44975 66414
94.9669 44975 66414
94.9997 44975 66413
95.0329 44975 66414
95.0665 44975 66414
95.0983 44975 66414
95.1312 44975 66414
95.1645 44975 66414
95.1968 44975 66414
95.2297 44975 66414
95.2633 44975 66413
95.2969 44975 66414
95.3297 44975 66414
95.3624 44975 66414
95.397 44975 66414
95.4298 44975 66414
95.463 44975 66413
95.4957 44975 66414
95.5284 44975 66413
95.5625 44975 66413
95.5949 44975 66414
95.6279 44975 66415
95.6615 44975 66419
95.6942 44975 66424
95.728 44975 66430
95.7606 44975 66436
95.7942 44975 66442
95.8294 44975 66450
95.8611 44981 66457
95.896 44988 66464
95.9461 44996 66472
95.9831 45002 66480
96.013 45009 66486
96.0255 45014 66494
96.0603 45020 66500
96.0924 45026 66507
96.1266 45033 66514
96.1587 45040 66521
96.1916 45046 66528
96.2258 45052 66533
96.2588 45058 66539
96.2945 45063 66544
96.3259 45069 66550
96.3585 45074 66556
96.393 45080 66561
96.4268 45087 66568
96.4588 45094 66574
96.4909 45100 66579
96.5238 45107 66587
96.5578 45114 66592
96.5913 45120 66597
96.6268 45127 66603
96.6587 45133 66608
96.6898 45139 66615
96.7233 45147 66622
96.7571 45154 66631
96.7915 45163 66641
96.8236 45173 66651
96.8594 45183 66660
96.9039 45194 66673
96.9401 45207 66685
96.9635 45219 66699
96.9921 45234 66712
97.0225 45248 66727
97.0553 45263 66740
97.0893 45275 66752
97.1233 45289 66766
97.1555 45304 66779
97.1884 45317 66791
97.2222 45329 66804
97.2554 45341 66817
97.2883 45353 66830
97.3221 45366 66842
97.3587 45378 66855
97.3906 45391 66870
97.4231 45405 66883
97.4558 45418 66896
97.4887 45431 66908
97.5224 45446 66921
97.5563 45460 66934
97.5888 45474 66948
97.6249 45486 66962
97.6569 45499 66975
97.6891 45512 66990
97.7229 45526 67005
97.7569 45540 67019
97.7889 45554 67032
97.8254 45567 67045
97.8724 45582 67057
97.9345 45596 67069
97.9383 45610 67080
97.9655 45626 67089
97.9941 45642 67098
98.0242 45659 67106
98.0563 45678 67113
98.0889 45696 67121
98.123 45714 67129
98.1564 45735 67136
98.1885 45753 67145
98.2224 45772 67153
98.2562 45790 67162
98.2891 45809 67169
98.3227 45827 67177
98.3557 45845 67185
98.3896 45863 67193
98.4226 45882 67202
98.4554 45900 67210
98.4894 45917 67218
98.5233 45938 67227
98.5605 45956 67236
98.5903 45976 67243
98.6229 45996 67251
98.6563 46016 67260
98.6892 46034 67268
98.7229 46047 67273
98.7567 46055 67274
98.7939 46058 67275
98.8347 46059 67275
98.8636 46059 67274
98.8968 46059 67275
98.9305 46059 67275
98.9614 46059 67274
98.9911 46059 67275
99.023 46059 67274
99.1861 46060 67274
99.1861 46059 67274
99.4182 46059 67274
99.4182 46059 67274
100.828 46059 67274
100.836 46063 67277
100.836 46122 67339
100.836 46129 67345
100.858 46135 67351
100.891 46143 67358
100.923 46155 67370
100.957 46169 67385
100.991 46185 67401
101.023 46203 67419
101.056 46222 67440
101.089 46241 67460
101.122 46262 67481
101.159 46282 67502
101.19 46303 67524
101.222 46322 67544
101.256 46342 67564
101.29 46360 67584
101.323 46379 67603
101.355 46399 67623
101.391 46418 67642
101.424 46437 67661
101.456 46456 67680
101.49 46474 67698
101.523 46487 67712
101.557 46495 67720
101.589 46500 67724
101.623 46500 67724
101.656 46500 67725
101.689 46500 67725
101.723 46500 67725
101.756 46500 67724
101.79 46500 67724
101.824 46500 67725
101.856 46500 67725
101.888 46500 67725
101.923 46500 67725
101.956 46500 67725
101.989 46500 67724
102.024 46500 67724
102.056 46500 67725
102.088 46500 67725
102.122 46500 67725
102.156 46500 67725
102.191 46500 67725
102.222 46500 67724
102.258 46500 67725
102.291 46500 67725
102.322 46500 67724
102.357 46500 67725
102.39 46500 67724
102.423 46500 67725
102.458 46500 67725
102.49 46500 67724
102.524 46500 67725
102.558 46500 67725
102.591 46500 67725
102.623 46500 67725
102.657 46500 67725
102.691 46500 67724
102.722 46500 67725
102.756 46500 67725
102.788 46500 67725
102.823 46500 67724
102.857 46500 67724
102.898 46500 67725
102.931 46500 67725
102.963 46500 67724
102.991 46500 67725
103.022 46500 67724
103.055 46500 67725
103.088 46500 67725
103.121 46500 67724
103.155 46500 67724
103.188 46500 67724
103.221 46500 67725
103.258 46500 67725
103.287 46500 67725
103.322 46500 67725
103.353 46500 67724
103.388 46500 67725
103.429 46500 67724
103.457 46500 67725
103.488 46501 67724
103.521 46500 67724
103.555 46500 67725
103.589 46500 67724
103.622 46500 67725
103.656 46500 67725
103.692 46500 67725
103.724 46500 67725
103.756 46500 67725
103.789 46500 67725
103.822 46500 67724
103.857 46500 67725
103.889 46500 67725
103.922 46500 67725
103.955 46500 67725
103.99 46500 67725
104.023 46500 67725
104.056 46500 67725
104.089 46500 67724
104.122 46500 67725
104.155 46500 67725
104.187 46500 67724
104.223 46500 67724
104.256 46500 67725
104.289 46500 67725
104.322 46500 67725
104.355 46500 67725
104.388 46500 67725
104.421 46500 67725
104.456 46500 67725
104.488 46500 67724
104.521 46500 67724
104.555 46500 67725
104.589 46500 67724
104.622 46500 67725
104.655 46501 67725
104.689 46500 67724
104.721 46500 67725
104.758 46500 67724
104.969 46500 67724
104.969 46500 67725
