0.25209 0.00750968 -0.0139065 0.0354558
0.286097 0.00750968 -0.0139065 0.0354545
0.305316 0.00750968 -0.0139065 0.0354512
0.335724 0.00750968 -0.0139065 0.035448
0.369533 0.00750968 -0.0139065 0.0354505
0.397044 0.00748439 -0.0139074 0.0354538
0.428513 0.00748439 -0.0139074 0.0354507
0.460561 0.00750968 -0.0139065 0.0354477
0.494257 0.00748439 -0.0139074 0.0354491
0.526762 0.00750968 -0.0139065 0.0354469
0.559661 0.00750968 -0.0139065 0.0354519
0.592317 0.00750968 -0.0139065 0.0354491
0.625738 0.00750968 -0.0139065 0.0354492
0.658582 0.00750968 -0.0139065 0.0354516
0.691849 0.00748439 -0.0139074 0.0354545
0.738966 0.00750968 -0.0139065 0.0354513
0.789072 0.00748439 -0.0139074 0.0354514
0.831297 0.00748439 -0.0139074 0.035455
0.874701 0.00750968 -0.0139065 0.0354495
0.88943 0.00748439 -0.0139074 0.0354525
0.935008 0.00750968 -0.0139065 0.0354509
0.985206 0.00750968 -0.0139065 0.0354482
1.03136 0.00750968 -0.0139065 0.0354474
1.0751 0.00748439 -0.0139074 0.0354487
1.09006 0.00748439 -0.0139074 0.0354478
1.13486 0.00750968 -0.0139065 0.0354465
1.17879 0.00750968 -0.0139065 0.0354475
1.22286 0.00748439 -0.0139074 0.0354441
1.26695 0.00750968 -0.0139065 0.0354408
1.28684 0.00750968 -0.0139065 0.0354361
1.33115 0.00750968 -0.0139065 0.0354412
1.37474 0.00750968 -0.0139065 0.035438
1.41879 0.00748439 -0.0139074 0.0354411
1.46554 0.00750968 -0.0139065 0.0354406
1.51056 0.00750968 -0.0139065 0.0354375
1.52105 0.00748439 -0.0139074 0.0354433
1.56337 0.00750968 -0.0139065 0.0354398
1.60654 0.00748439 -0.0139074 0.0354381
1.65483 0.00748439 -0.0139074 0.0354338
1.71326 0.00748439 -0.0139074 0.0354358
1.75916 0.00748439 -0.0139074 0.0354334
1.8039 0.00748439 -0.0139074 0.0354341
1.82506 0.00750968 -0.0139065 0.0354314
1.87275 0.00750968 -0.0139065 0.0354308
1.91484 0.00748439 -0.0139074 0.0354265
1.9637 0.00748439 -0.0139074 0.0354211
2.01135 0.00750968 -0.0139065 0.035422
2.02481 0.00750968 -0.0139065 0.0354213
2.06792 0.00750968 -0.0139065 0.035422
2.11221 0.00748439 -0.0139074 0.035419
2.15498 0.00750968 -0.0139065 0.0354215
2.19895 0.00750968 -0.0139065 0.0354198
2.24266 0.00748439 -0.0139074 0.0354198
2.26061 0.00750968 -0.0139065 0.0354216
2.30252 0.00750968 -0.0139065 0.0354206
2.34724 0.00750968 -0.0139065 0.0354208
2.40034 0.00748439 -0.0139074 0.0354172
2.44328 0.00750968 -0.0139065 0.0354191
2.46204 0.00750968 -0.0139065 0.0354182
2.50646 0.00750968 -0.0139065 0.0354154
2.55513 0.00750968 -0.0139065 0.0354174
2.60438 0.00748439 -0.0139074 0.0354184
2.65086 0.00750968 -0.0139065 0.0354122
2.66813 0.00750968 -0.0139065 0.035413
2.7121 0.00750968 -0.0139065 0.0354125
2.75681 0.00748439 -0.0139074 0.0354126
2.80172 0.00750968 -0.0139065 0.0354085
2.85154 0.00748439 -0.0139074 0.0354059
2.89512 0.00748439 -0.0139074 0.0354082
2.90367 0.00750968 -0.0139065 0.0354079
2.95378 0.00748439 -0.0139074 0.0354049
3.00804 0.00748439 -0.0139074 0.0354057
3.05112 0.00750968 -0.0139065 0.0354028
3.09594 0.00750968 -0.0139065 0.0354005
3.10858 0.00750968 -0.0139065 0.0354004
3.15062 0.00750968 -0.0139065 0.0353998
3.19534 0.00750968 -0.0139065 0.0353978
3.23972 0.00750968 -0.0139065 0.0353962
3.28291 0.00750968 -0.0139065 0.0353951
3.30314 0.00748439 -0.0139074 0.0353968
3.34656 0.00750968 -0.0139065 0.0353926
3.39091 0.00750968 -0.0139065 0.0353928
3.43711 0.00750968 -0.0139065 0.0353903
3.47876 0.00750968 -0.0139065 0.0353909
3.52294 0.00750968 -0.0139065 0.0353879
3.56718 0.00750968 -0.0139065 0.0353901
3.57587 0.00750968 -0.0139065 0.0353874
3.62338 0.00748439 -0.0139074 0.0353866
3.67055 0.00750968 -0.0139065 0.035389
3.7229 0.00748439 -0.0139074 0.0353864
3.77163 0.00748439 -0.0139074 0.0353839
3.77924 0.00750968 -0.0139065 0.0353823
3.82529 0.00748439 -0.0139074 0.0353828
3.8734 0.00750968 -0.0139065 0.035381
3.92785 0.00748439 -0.0139074 0.0353842
3.97053 0.00750968 -0.0139065 0.0353817
3.97751 0.00750968 -0.0139065 0.0353795
4.02274 0.00748439 -0.0139074 0.0353759
4.06701 0.00750968 -0.0139065 0.0353789
4.11089 0.00748439 -0.0139074 0.0353769
4.15739 0.00748439 -0.0139074 0.0353784
4.20294 0.00750968 -0.0139065 0.0353789
4.21635 0.00748439 -0.0139074 0.0353756
4.27277 0.00750968 -0.0139065 0.0353759
4.31555 0.00750968 -0.0139065 0.0353711
4.36202 0.00750968 -0.0139065 0.0353697
4.37974 0.00748439 -0.0139074 0.0353672
4.42308 0.00750968 -0.0139065 0.0353649
4.46708 0.00750968 -0.0139065 0.0353645
4.51113 0.00748439 -0.0139074 0.0353638
4.55646 0.00748439 -0.0139074 0.0353594
4.57849 0.00750968 -0.0139065 0.0353602
4.62295 0.00750968 -0.0139065 0.035358
4.66976 0.00748439 -0.0139074 0.0353602
4.71506 0.00750968 -0.0139065 0.035363
4.75895 0.00750968 -0.0139065 0.0353589
4.78246 0.00748439 -0.0139074 0.0353599
4.82828 0.00748439 -0.0139074 0.0353576
4.87097 0.00750968 -0.0139065 0.0353594
4.9194 0.00748439 -0.0139074 0.0353575
4.91947 0.00748439 -0.0139074 0.0353548
4.96297 0.00748439 -0.0139074 0.0353552
4.9803 0.00748439 -0.0139074 0.0353551
5.02358 0.00750968 -0.0139065 0.0353526
5.06761 0.00750968 -0.0139065 0.035354
5.11275 0.00750968 -0.0139065 0.0353528
5.15677 0.00750968 -0.0139065 0.0353531
5.20464 0.00750968 -0.0139065 0.0353506
5.21785 0.00748439 -0.0139074 0.0353469
5.26319 0.00750968 -0.0139065 0.0353536
5.30918 0.00750968 -0.0139065 0.0353481
5.35554 0.00748439 -0.0139074 0.0353518
5.39937 0.00750968 -0.0139065 0.0353488
5.41903 0.00748439 -0.0139074 0.0353478
5.46853 0.00748439 -0.0139074 0.0353467
5.51484 0.00748439 -0.0139074 0.0353456
5.55877 0.00748439 -0.0139074 0.0353438
5.6025 0.00750968 -0.0139065 0.0353443
5.62179 0.00748439 -0.0139074 0.0353397
5.66854 0.00750968 -0.0139065 0.0353407
5.71058 0.00748439 -0.0139074 0.0353396
5.75453 0.00750968 -0.0139065 0.0353337
5.80301 0.00750968 -0.0139065 0.0353366
5.84717 0.00750968 -0.0139065 0.035331
5.85838 0.00758557 -0.0139038 0.0355715
5.9027 0.00783851 -0.0138947 0.0362397
5.95072 0.00821792 -0.013881 0.0360757
5.99468 0.00852145 -0.0138701 0.0358388
5.99476 0.00887558 -0.0138574 0.0354258
6.03947 0.00920441 -0.0138458 0.0354064
6.05621 0.00958383 -0.0138324 0.0353159
6.09857 0.00993796 -0.0138199 0.0352777
6.14267 0.0103933 -0.0138038 0.0354061
6.18695 0.0116074 -0.0137603 0.035737
6.23118 0.012518 -0.0137277 0.0359029
6.2553 0.0135298 -0.0136909 0.036849
6.29852 0.0147439 -0.0136463 0.0365163
6.34271 0.0161603 -0.013594 0.037294
6.38726 0.0175514 -0.0135419 0.0375508
6.4335 0.0206119 -0.0134273 0.0367974
6.47879 0.0223066 -0.0133658 0.0357623
6.4891 0.0239507 -0.0133072 0.0354568
6.53721 0.0258477 -0.0132379 0.0375181
6.59029 0.0275929 -0.0131721 0.0379399
6.6382 0.0313616 -0.0130306 0.0372779
6.68299 0.0334103 -0.0129546 0.0368248
6.6955 0.0354085 -0.0128817 0.0361931
6.73951 0.0375333 -0.0128056 0.0354092
6.78695 0.0398351 -0.0127231 0.0362303
6.83263 0.041985 -0.0126439 0.037391
6.83267 0.0443373 -0.0125564 0.0369896
6.87494 0.0465884 -0.0124728 0.0371963
6.89376 0.0488142 -0.0123904 0.0368177
6.93907 0.0511412 -0.0123036 0.0377528
7.00172 0.0562501 -0.0121068 0.0396459
7.04737 0.0587793 -0.0120074 0.0389583
7.07849 0.0612831 -0.0119109 0.0380962
7.14212 0.0640653 -0.0118045 0.0383344
7.18711 0.0692501 -0.0116042 0.0399969
7.23486 0.0744854 -0.0113992 0.0382029
7.2796 0.0773181 -0.0112892 0.039436
7.29393 0.0800749 -0.0111821 0.0382014
7.33942 0.0826293 -0.0110835 0.03902
7.38659 0.0852344 -0.0109832 0.0379287
7.43587 0.090723 -0.0107776 0.0378993
7.48357 0.0933028 -0.0106805 0.0373366
7.50475 0.0960598 -0.0105767 0.0379125
7.55156 0.0986395 -0.0104775 0.0389316
7.59474 0.10132 -0.0103735 0.0386108
7.64054 0.106783 -0.0101612 0.0400056
7.68282 0.109414 -0.0100567 0.0393757
7.69567 0.112019 -0.00995502 0.0386673
7.74127 0.114877 -0.00984437 0.0387217
7.78673 0.117633 -0.00973814 0.0383123
7.83125 0.120264 -0.00963605 0.0392681
7.87506 0.125752 -0.00942201 0.0381655
7.92363 0.128433 -0.00931966 0.0381442
7.93083 0.131165 -0.00921638 0.0374383
7.97523 0.133997 -0.00910928 0.0381403
8.02059 0.136704 -0.00900732 0.0371775
8.06256 0.13936 -0.00891045 0.035742
8.11166 0.144899 -0.00870917 0.0361556
8.15448 0.14753 -0.00861221 0.03753
8.16685 0.15016 -0.00851444 0.0367723
8.21058 0.152791 -0.00841921 0.0355924
8.25524 0.155371 -0.00832472 0.0376244
8.30257 0.158229 -0.00821529 0.0389147
8.34687 0.163439 -0.00801355 0.0386192
8.39072 0.166297 -0.00790412 0.0379161
8.4029 0.168927 -0.00780371 0.0383922
8.44645 0.171482 -0.00770472 0.0390777
8.49486 0.17434 -0.00759434 0.0381284
8.53945 0.17955 -0.00739539 0.0382569
8.58678 0.182231 -0.00729385 0.0374534
8.60417 0.185089 -0.00718368 0.0396029
8.64937 0.187719 -0.00708193 0.0377221
8.69514 0.1904 -0.0069819 0.0368696
8.74467 0.195889 -0.00678021 0.0364442
8.79624 0.198443 -0.00668473 0.038269
8.80289 0.201049 -0.00658653 0.0370903
8.851 0.203881 -0.00648224 0.0365036
8.89484 0.206461 -0.00638837 0.0362332
8.93956 0.211799 -0.00619587 0.036947
8.98662 0.214657 -0.0060907 0.0366161
9.00586 0.217262 -0.00599817 0.0343821
9.05103 0.219842 -0.00590795 0.0355217
9.09901 0.222549 -0.00581094 0.0361317
9.14663 0.225255 -0.00571264 0.0364794
9.19074 0.230795 -0.00551154 0.0351363
9.2374 0.233476 -0.00541601 0.0360877
9.24074 0.236132 -0.00531958 0.0365026
9.28272 0.23899 -0.00521533 0.0364119
9.32678 0.24157 -0.0051222 0.0357457
9.37076 0.244302 -0.00502439 0.0358372
9.41726 0.249866 -0.00482224 0.0371465
9.4629 0.252497 -0.00472499 0.0367594
9.47341 0.255052 -0.00463212 0.0359179
9.51991 0.257657 -0.00453847 0.0359385
9.56255 0.260566 -0.00443366 0.0360951
9.61109 0.265751 -0.00423958 0.0375056
9.65946 0.268356 -0.00414236 0.0370956
9.67397 0.270936 -0.00404555 0.0379178
9.72243 0.273819 -0.00393701 0.0373316
9.76645 0.27645 -0.00383664 0.0389483
9.81249 0.28166 -0.00364196 0.0355401
9.85557 0.284493 -0.00353905 0.0370792
9.87979 0.287149 -0.00344126 0.0365314
9.92254 0.289653 -0.00334866 0.037398
9.96938 0.292309 -0.00324967 0.0371123
10.0174 0.297797 -0.00304726 0.0369951
10.0631 0.300478 -0.00294872 0.0364768
10.0757 0.303033 -0.00285509 0.0367958
10.1229 0.305866 -0.00275099 0.0366663
10.1666 0.308446 -0.00265654 0.0365134
10.2112 0.313758 -0.00246135 0.0384116
10.2549 0.316337 -0.00236216 0.0384463
10.2782 0.319145 -0.00225582 0.0372708
10.3249 0.321801 -0.0021573 0.0368907
10.3667 0.324507 -0.00205799 0.0364614
10.4105 0.327289 -0.00195478 0.0376934
10.455 0.332626 -0.00175586 0.0364723
10.4988 0.335484 -0.00165178 0.0363238
10.5129 0.338241 -0.00155305 0.0352615
10.5547 0.340872 -0.00145964 0.0357292
10.5985 0.343781 -0.00135666 0.0350391
10.6735 0.346437 -0.00126617 0.0330766
10.7187 0.351775 -0.00108423 0.0343311
10.764 0.357238 -0.000891707 0.0354297
10.8064 0.359869 -0.000800858 0.0336098
10.8134 0.362474 -0.000711219 0.0351713
10.8587 0.365105 -0.000615643 0.0374624
10.9025 0.367963 -0.000508995 0.0371311
10.949 0.370518 -0.00041433 0.0369479
10.9943 0.375855 -0.000218036 0.0369431
11.0422 0.378435 -0.000122127 0.0373737
11.0515 0.381267 -1.65286e-05 0.0371452
11.1008 0.383873 7.90457e-05 0.0361925
11.1451 0.386377 0.00016952 0.0360359
11.187 0.391891 0.000369364 0.0373952
11.2347 0.394521 0.000467155 0.0369222
11.2507 0.397456 0.000574367 0.0361256
11.3006 0.400036 0.000666659 0.0353872
11.3486 0.402692 0.000759621 0.0345853
11.3916 0.40813 0.00095402 0.035208
11.4345 0.410685 0.00104235 0.0339103
11.4572 0.413467 0.00113864 0.0352723
11.5054 0.416149 0.00123267 0.0348358
11.5538 0.418754 0.00132398 0.0352304
11.5988 0.424243 0.00151764 0.0335333
11.6426 0.426899 0.00160741 0.034034
11.6563 0.429808 0.00170729 0.0346104
11.6987 0.432464 0.00179987 0.0350749
11.7462 0.43512 0.00189429 0.0359969
11.7913 0.44071 0.00209321 0.0360053
11.8371 0.443366 0.00218963 0.0365677
11.8568 0.446199 0.00229361 0.0368072
11.8988 0.44883 0.00238898 0.0356745
11.9514 0.45146 0.00248134 0.0345106
11.9949 0.457025 0.00267748 0.0360242
12.0433 0.459605 0.00277052 0.0360731
12.056 0.46221 0.00286452 0.036056
12.0987 0.465069 0.00296777 0.0361573
12.1442 0.467699 0.0030627 0.0359814
12.1907 0.470304 0.00315879 0.0377563
12.2401 0.475743 0.00335888 0.0355842
12.2846 0.478323 0.00345312 0.037434
12.2966 0.480953 0.00355092 0.0368901
12.3392 0.483533 0.00364785 0.0382225
12.3853 0.486189 0.00374969 0.0384388
12.4313 0.491627 0.00395189 0.0373543
12.4767 0.494333 0.00405217 0.0367229
12.494 0.497115 0.00415511 0.0372368
12.5392 0.499695 0.00425072 0.0368512
12.5828 0.502376 0.00434896 0.0363991
12.6282 0.505234 0.00445368 0.0368395
12.6752 0.51042 0.00464523 0.0377952
12.7189 0.513227 0.00475075 0.0373369
12.728 0.515756 0.00484493 0.0370955
12.7715 0.518412 0.00494358 0.0371652
12.8148 0.521093 0.00504609 0.0392716
12.8612 0.523926 0.00515562 0.0380232
12.9108 0.529187 0.00535369 0.0370465
12.9639 0.534524 0.00555046 0.0378817
13.0066 0.537382 0.00565719 0.0367683
13.0299 0.539987 0.00575162 0.0356903
13.0752 0.542668 0.00584823 0.0363449
13.1186 0.545603 0.00595369 0.0355089
13.1631 0.548208 0.00604741 0.0364099
13.2088 0.553798 0.00624452 0.0339026
13.2551 0.556353 0.00633284 0.0352132
13.2641 0.55911 0.00643012 0.0353203
13.3065 0.561918 0.00653016 0.0359104
13.3559 0.564498 0.00662238 0.0355437
13.4036 0.570012 0.00681663 0.0363121
13.4543 0.572617 0.0069133 0.0378658
13.466 0.575298 0.00701448 0.0375769
13.5112 0.578055 0.00711681 0.0366271
13.5561 0.58066 0.00721163 0.0361268
13.6015 0.583342 0.00731018 0.037358
13.6472 0.588754 0.00751243 0.036713
13.6908 0.59141 0.0076099 0.0366558
13.7045 0.594193 0.00771101 0.0359896
13.7547 0.596823 0.00780563 0.0359203
13.7989 0.599428 0.0079007 0.0370296
13.851 0.604917 0.00809686 0.035576
13.8947 0.607573 0.00819079 0.0351316
13.9128 0.610457 0.00829247 0.0353612
13.9545 0.612961 0.00838396 0.0376761
13.9995 0.615667 0.00848441 0.0365204
14.0442 0.62103 0.00867662 0.0355374
14.0865 0.623711 0.00877213 0.0356778
14.1048 0.626342 0.00886748 0.036787
14.1467 0.628972 0.00896438 0.0368535
14.1963 0.631805 0.00906693 0.03551
14.2394 0.634461 0.00916243 0.0363735
14.2835 0.639798 0.00935773 0.0372716
14.3294 0.642732 0.00946593 0.03645
14.3403 0.645312 0.00955756 0.0345474
14.3842 0.648069 0.00965528 0.0363126
14.4271 0.6507 0.00975184 0.0370662
14.4795 0.656189 0.00995318 0.0364502
14.5259 0.65892 0.0100512 0.0353046
14.5406 0.661576 0.0101455 0.0356828
14.5867 0.664485 0.0102509 0.036746
14.6312 0.66704 0.0103431 0.0353923
14.6764 0.669645 0.0104357 0.0356227
14.7187 0.675083 0.0106325 0.0366766
14.765 0.677486 0.0107234 0.0389612
14.7829 0.679358 0.0107962 0.0386966
14.8264 0.680496 0.0108397 0.0377248
14.8709 0.681128 0.0108636 0.0380338
14.9152 0.681432 0.0108751 0.0370581
14.9593 0.681457 0.010876 0.037036
14.9755 0.681482 0.010877 0.0370115
15.0195 0.681457 0.010876 0.0370157
15.0629 0.681432 0.0108751 0.0370226
15.1068 0.681457 0.010876 0.0370206
15.1514 0.681457 0.010876 0.0370042
15.1952 0.681482 0.010877 0.0370151
15.2108 0.681482 0.010877 0.0370158
15.2545 0.681457 0.010876 0.037021
15.3029 0.681432 0.0108751 0.0370201
15.3467 0.681457 0.010876 0.0370159
15.393 0.681432 0.0108751 0.0370196
15.411 0.681457 0.010876 0.0369965
15.4591 0.681457 0.010876 0.0370112
15.5031 0.681432 0.0108751 0.0370023
15.549 0.681482 0.010877 0.0370145
15.5993 0.681432 0.0108751 0.0370114
15.6428 0.681457 0.010876 0.0370145
15.6455 0.681457 0.010876 0.037021
15.7084 0.681482 0.010877 0.0370073
15.7647 0.681432 0.0108751 0.037011
15.8094 0.681432 0.0108751 0.0370046
15.8133 0.681457 0.010876 0.0369957
15.8633 0.681432 0.0108751 0.037004
15.9111 0.681457 0.010876 0.0370094
15.9569 0.681432 0.0108751 0.0370077
15.999 0.681457 0.010876 0.0370157
16.0134 0.681457 0.010876 0.037007
16.0608 0.681457 0.010876 0.0371324
16.1024 0.681533 0.0108789 0.0375508
16.1559 0.68171 0.0108857 0.0395854
16.1987 0.681862 0.0108918 0.041168
16.2128 0.682014 0.0108982 0.0430368
16.2547 0.682165 0.0109049 0.0448907
16.2986 0.682317 0.0109118 0.0467865
16.3455 0.682342 0.010913 0.048715
16.3934 0.682266 0.0109091 0.0553534
16.4393 0.682342 0.0109135 0.0586272
16.4452 0.682317 0.0109119 0.0618152
16.4906 0.682317 0.0109119 0.0653586
16.5348 0.682317 0.0109119 0.069184
16.581 0.682367 0.0109156 0.0767976
16.6293 0.682367 0.0109156 0.080225
16.642 0.682292 0.0109094 0.0831468
16.6907 0.682292 0.0109094 0.0862996
16.7369 0.682317 0.0109117 0.089496
16.7789 0.682266 0.010907 0.0958138
16.8271 0.682292 0.0109095 0.0993273
16.8402 0.682317 0.0109121 0.103127
16.8829 0.682342 0.0109147 0.107183
16.9268 0.682367 0.0109175 0.110594
16.9704 0.682367 0.0109175 0.1148
17.0161 0.682367 0.0109174 0.121494
17.0716 0.682392 0.0109205 0.125483
17.0737 0.682392 0.0109205 0.129343
17.1186 0.682367 0.0109172 0.133836
17.1634 0.682392 0.0109206 0.13883
17.2064 0.682367 0.0109171 0.144343
17.2516 0.682342 0.0109133 0.156219
17.2951 0.682342 0.0109133 0.16241
17.3013 0.682317 0.0109092 0.168414
17.3468 0.682342 0.0109135 0.174768
17.3923 0.682367 0.010918 0.181411
17.4352 0.682367 0.0109181 0.194412
17.4793 0.682317 0.0109082 0.2006
17.4998 0.682367 0.0109185 0.207295
17.551 0.682367 0.0109185 0.214346
17.5947 0.682392 0.0109239 0.220986
17.6397 0.682416 0.0109296 0.234734
17.6824 0.682392 0.0109236 0.241114
17.6973 0.682392 0.0109236 0.248519
17.7472 0.682392 0.0109236 0.255488
17.7906 0.682416 0.0109301 0.262259
17.8601 0.682416 0.0109302 0.275964
17.9166 0.682343 0.0109089 0.288727
17.9606 0.682319 0.0109016 0.295906
17.9674 0.682295 0.0108941 0.302176
18.0112 0.682319 0.0109017 0.30846
18.0606 0.682319 0.0109017 0.314367
18.1035 0.682343 0.0109098 0.326751
18.1543 0.682319 0.0109016 0.333238
18.162 0.682367 0.0109183 0.339556
18.2093 0.682367 0.0109183 0.346214
18.2603 0.682367 0.0109183 0.35904
18.3035 0.682414 0.0109362 0.366803
18.3244 0.682391 0.0109271 0.37343
18.3689 0.682391 0.0109271 0.380361
18.4106 0.682391 0.0109271 0.387218
18.4553 0.682391 0.0109271 0.394029
18.4991 0.68239 0.0109272 0.407387
18.5434 0.68239 0.0109272 0.413986
18.5555 0.68239 0.0109272 0.420492
18.5996 0.68239 0.0109272 0.427755
18.6434 0.68239 0.0109272 0.4346
18.6873 0.682413 0.010938 0.441699
18.7383 0.682413 0.0109378 0.45536
18.7831 0.682413 0.0109378 0.461852
18.7908 0.682413 0.0109378 0.468603
18.846 0.682391 0.0109263 0.475181
18.8949 0.682369 0.0109145 0.487951
18.9391 0.682346 0.0109026 0.493365
18.9544 0.682368 0.0109147 0.499369
18.9985 0.682391 0.0109269 0.506582
19.0431 0.682391 0.0109269 0.513406
19.087 0.682413 0.0109394 0.520304
19.1328 0.682391 0.0109266 0.53379
19.1747 0.682391 0.0109266 0.540707
19.1862 0.682391 0.0109266 0.5481
19.2352 0.682391 0.0109266 0.554388
19.2787 0.682369 0.0109132 0.561761
19.3236 0.682391 0.0109269 0.575548
19.3674 0.682369 0.010913 0.58268
19.3844 0.682369 0.010913 0.589601
19.427 0.682348 0.0108989 0.595805
19.4711 0.682348 0.0108989 0.602523
19.5175 0.682307 0.01087 0.609188
19.5645 0.682307 0.0108699 0.623101
19.6065 0.682286 0.0108551 0.629906
19.6216 0.682286 0.0108551 0.635812
19.6681 0.682286 0.0108551 0.642096
19.7111 0.682286 0.0108551 0.649046
19.762 0.682306 0.0108704 0.662103
19.8067 0.682326 0.010886 0.668274
19.8145 0.682326 0.010886 0.6743
19.864 0.682346 0.0109019 0.681129
19.9081 0.682326 0.0108859 0.687444
19.9554 0.682326 0.0108859 0.701279
20.0011 0.682346 0.0109023 0.708044
20.0114 0.682346 0.0109023 0.714711
20.0547 0.682365 0.010919 0.721832
20.0993 0.682365 0.010919 0.728907
20.1429 0.682402 0.0109528 0.736008
20.1871 0.682402 0.0109528 0.742777
20.1872 0.682402 0.0109528 0.750753
20.2356 0.682402 0.0109528 0.757789
20.2531 0.682402 0.0109528 0.764831
20.295 0.682384 0.0109352 0.772082
20.34 0.682348 0.0108998 0.77852
20.383 0.682312 0.010864 0.791472
20.4267 0.682312 0.010864 0.798231
20.4433 0.682277 0.0108277 0.804392
20.4872 0.682277 0.0108277 0.810231
20.5346 0.682295 0.0108461 0.817142
20.579 0.682312 0.0108647 0.830106
20.6271 0.682312 0.0108647 0.837041
20.6403 0.682362 0.0109212 0.844031
20.7354 0.682412 0.0109784 0.857628
20.7837 0.682363 0.0109208 0.871282
20.8306 0.682379 0.0109402 0.878746
20.8361 0.682379 0.0109402 0.885858
20.8841 0.682379 0.0109402 0.891745
20.93 0.682347 0.0109007 0.898675
20.9764 0.682363 0.0109206 0.912311
21.0187 0.682379 0.0109407 0.919347
21.0349 0.682363 0.0109205 0.925407
21.0791 0.682378 0.0109408 0.932902
21.1227 0.682408 0.0109815 0.940013
21.1668 0.682394 0.010961 0.946335
21.2107 0.682394 0.010961 0.958688
21.2584 0.682365 0.0109195 0.964688
21.2688 0.682393 0.0109612 0.97106
21.3141 0.682408 0.0109822 0.977204
21.3605 0.682422 0.0110032 0.983313
21.403 0.682408 0.010982 0.995713
21.4469 0.682394 0.0109607 1.00208
21.4632 0.682421 0.0110035 1.00922
21.5108 0.682394 0.0109605 1.0168
21.5544 0.682381 0.0109389 1.02328
21.601 0.682394 0.0109606 1.03662
21.6455 0.682394 0.0109606 1.04312
21.6621 0.682407 0.0109825 1.0507
21.7068 0.682407 0.0109825 1.05736
21.7649 0.682419 0.0110047 1.07133
21.8085 0.682407 0.0109824 1.07813
21.8276 0.682395 0.0109601 1.08509
21.8758 0.682395 0.0109601 1.09211
21.9189 0.68236 0.0108926 1.09862
21.967 0.682349 0.01087 1.11177
22.0109 0.68236 0.0108927 1.11822
22.0282 0.68236 0.0108927 1.12439
22.0706 0.68236 0.0108927 1.1309
22.1145 0.682349 0.0108698 1.13688
22.1601 0.682381 0.0109389 1.14981
22.2047 0.682381 0.0109389 1.15604
22.2223 0.682391 0.0109621 1.16258
22.2665 0.682371 0.0109156 1.1696
22.3176 0.682381 0.0109389 1.17578
22.3627 0.682381 0.0109389 1.18284
22.3628 0.682371 0.0109154 1.19011
22.4102 0.682371 0.0109154 1.19755
22.4201 0.682362 0.0108918 1.20436
22.4647 0.682362 0.0108918 1.21152
22.5065 0.682362 0.0108918 1.21799
22.5509 0.682371 0.0109156 1.22489
22.5947 0.682363 0.0108917 1.23877
22.6393 0.682379 0.0109396 1.24559
22.6516 0.682371 0.0109156 1.25237
22.6948 0.682371 0.0109156 1.25859
22.7422 0.682363 0.0108915 1.2654
22.7912 0.682363 0.0108915 1.27229
22.8349 0.682356 0.0108673 1.28504
22.8787 0.682342 0.0108187 1.29077
22.8833 0.682342 0.0108187 1.29663
22.9265 0.682335 0.0107943 1.30271
22.9744 0.682342 0.0108187 1.30906
23.0187 0.682348 0.0108432 1.32169
23.0633 0.682348 0.0108432 1.32839
23.0807 0.682348 0.0108432 1.33544
23.1248 0.682354 0.0108678 1.34198
23.1704 0.682354 0.0108678 1.349
23.2149 0.682348 0.0108431 1.36241
23.2594 0.682348 0.0108431 1.37001
23.2789 0.682348 0.0108431 1.37675
23.3226 0.682344 0.0108183 1.38365
23.3707 0.682344 0.0108183 1.38961
23.4187 0.682339 0.0107934 1.40285
23.4713 0.682339 0.0107934 1.40939
23.4767 0.682343 0.0108184 1.41629
23.5187 0.682339 0.0107933 1.42275
23.5627 0.682343 0.0108184 1.42941
23.607 0.682339 0.0107933 1.43571
23.6555 0.68234 0.0107933 1.44856
23.6985 0.68234 0.0107933 1.45468
23.7077 0.682334 0.010743 1.46069
23.7524 0.682339 0.0107933 1.46644
23.7986 0.682339 0.0107933 1.4727
23.8442 0.682339 0.0107933 1.48569
23.898 0.682339 0.0107933 1.49225
23.9069 0.682339 0.0107933 1.49895
23.9505 0.682336 0.0107428 1.50554
24.0013 0.682336 0.0107428 1.51268
24.0492 0.682337 0.0107681 1.52672
24.0971 0.682337 0.0107681 1.5335
24.1038 0.682338 0.0107934 1.5405
24.1486 0.682338 0.0107934 1.54776
24.191 0.682338 0.0107934 1.55466
24.2348 0.682338 0.0107681 1.56141
24.2788 0.682338 0.0107681 1.57396
24.3229 0.682338 0.0107681 1.58127
24.3368 0.682338 0.0107428 1.58794
24.3803 0.682339 0.0107175 1.59404
24.4229 0.682339 0.0107175 1.60012
24.4675 0.682339 0.0106922 1.60571
24.5123 0.682341 0.0106669 1.61789
24.5546 0.682339 0.0106922 1.62436
24.5654 0.682338 0.0107174 1.63115
24.6131 0.682338 0.0107174 1.63733
24.6545 0.682336 0.0107427 1.64352
24.7027 0.682338 0.0107175 1.65684
24.7528 0.682336 0.0107427 1.66382
24.7636 0.682341 0.0106923 1.67065
24.8071 0.682338 0.0107175 1.67701
24.8514 0.682338 0.0107175 1.68205
24.8949 0.682341 0.0106923 1.68468
24.9412 0.682341 0.0106923 1.68529
24.9413 0.682341 0.0106923 1.6854
24.9872 0.682341 0.0106923 1.68544
24.9951 0.682344 0.0106672 1.68541
25.039 0.682341 0.0106923 1.68544
25.0829 0.682344 0.0106672 1.68544
25.1282 0.682344 0.0106672 1.68542
25.1728 0.682344 0.0106672 1.68545
25.2147 0.682341 0.0106923 1.68543
25.2319 0.682344 0.0106672 1.68546
25.2777 0.682344 0.0106672 1.68547
25.3227 0.682344 0.0106672 1.68544
25.3668 0.682341 0.0106923 1.68544
25.4107 0.682341 0.0106923 1.68547
25.4236 0.682344 0.0106672 1.68546
25.4667 0.682344 0.0106672 1.68544
25.5106 0.682344 0.0106672 1.68543
25.559 0.682344 0.0106672 1.68544
25.6029 0.682344 0.0106672 1.68543
25.6212 0.682344 0.0106672 1.68544
25.6667 0.682344 0.0106672 1.68543
25.7151 0.682344 0.0106672 1.68543
25.7606 0.682341 0.0106923 1.68545
25.7606 0.682344 0.0106672 1.68539
25.803 0.682344 0.0106672 1.68542
25.8198 0.682338 0.0107175 1.68554
25.8664 0.682326 0.010818 1.68684
25.915 0.682309 0.0109689 1.68873
25.9592 0.682263 0.0113458 1.69283
26.0032 0.682245 0.0114965 1.69492
26.0269 0.682223 0.0116723 1.69707
26.0722 0.682181 0.0119987 1.69773
26.1148 0.682133 0.0123753 1.69776
26.1631 0.682088 0.0127268 1.69819
26.1632 0.68204 0.0131034 1.69824
26.2123 0.681995 0.0134548 1.69872
26.2217 0.681949 0.0138063 1.69875
26.2667 0.681911 0.0141075 1.69862
26.3109 0.681869 0.0144339 1.69848
26.3553 0.681785 0.0150866 1.698
26.3986 0.68174 0.0154381 1.6979
26.4141 0.681705 0.0157143 1.69809
26.4635 0.681663 0.0160407 1.6981
26.5065 0.681621 0.016367 1.69801
26.5511 0.681547 0.0169445 1.69779
26.5989 0.681509 0.0172458 1.69755
26.6118 0.681474 0.017522 1.69719
26.6684 0.681436 0.0178233 1.69675
26.7115 0.681356 0.018451 1.69692
26.7676 0.681318 0.0187523 1.69724
26.7809 0.68128 0.0190536 1.69752
26.823 0.681235 0.0194052 1.69752
26.8677 0.68119 0.0197567 1.69783
26.9135 0.68111 0.0203843 1.69766
26.9693 0.681071 0.0206856 1.69764
26.9784 0.68103 0.021012 1.69771
27.0226 0.680985 0.0213635 1.69811
27.0705 0.680943 0.0216899 1.69832
27.115 0.680859 0.0223426 1.69882
27.1587 0.680811 0.0227191 1.69893
27.1728 0.680769 0.0230455 1.69866
27.2156 0.68073 0.0233467 1.69848
27.2592 0.680682 0.0237233 1.69883
27.3119 0.680597 0.024376 1.69911
27.355 0.680555 0.0247023 1.69957
27.3707 0.6805 0.025129 1.7001
27.4146 0.680448 0.0255306 1.7008
27.4586 0.680392 0.0259572 1.70008
27.5046 0.680317 0.0265345 1.70006
27.5511 0.680164 0.0277143 1.69959
27.5948 0.680079 0.0283669 1.69967
27.6093 0.679998 0.0289944 1.6995
27.6887 0.679843 0.0301993 1.69882
27.7591 0.679668 0.0315549 1.69898
27.9415 0.67925 0.0347676 1.70088
27.9994 0.679076 0.0360978 1.70125
28.0011 0.678987 0.0367753 1.70138
28.031 0.678892 0.0375031 1.70197
28.0636 0.678802 0.0381806 1.70222
28.1072 0.678709 0.0388832 1.70229
28.1548 0.678613 0.0396108 1.70244
28.2026 0.678437 0.0409407 1.70251
28.2478 0.67835 0.0415931 1.70227
28.2614 0.678267 0.0422204 1.70169
28.3076 0.678192 0.0427976 1.70114
28.351 0.6781 0.0435003 1.70102
28.3949 0.678017 0.0441277 1.70126
28.4402 0.67785 0.0454076 1.70127
28.4828 0.677767 0.0460349 1.70181
28.4944 0.677678 0.0467124 1.70238
28.5437 0.677588 0.0473899 1.70231
28.5931 0.677405 0.04877 1.7023
28.6352 0.677316 0.0494475 1.70147
28.6579 0.677234 0.0500749 1.69952
28.7055 0.677147 0.0507528 1.69766
28.7525 0.677065 0.0514056 1.69526
28.8235 0.676899 0.0527624 1.68891
28.8678 0.676737 0.0541704 1.68193
28.9164 0.676662 0.0548497 1.67924
28.9229 0.676592 0.055504 1.67649
28.9677 0.676526 0.0561334 1.67345
29.0123 0.676462 0.0567629 1.67053
29.0552 0.676338 0.0580478 1.66327
29.0993 0.676278 0.0587031 1.65965
29.1198 0.676219 0.0593839 1.65644
29.1699 0.676164 0.0600397 1.65298
29.2171 0.676108 0.0607208 1.65002
29.2702 0.676006 0.0620584 1.64345
29.3149 0.67596 0.0627149 1.6397
29.3234 0.675912 0.063422 1.63592
29.367 0.675871 0.0640787 1.63254
29.4106 0.67583 0.0647609 1.62935
29.455 0.675756 0.066075 1.62432
29.4986 0.675735 0.0664794 1.62248
29.5163 0.675725 0.0666816 1.62101
29.5593 0.675719 0.0667827 1.6198
29.6031 0.675717 0.0668333 1.61917
29.647 0.675716 0.0668586 1.61909
29.6909 0.675717 0.0668333 1.61904
29.7358 0.675716 0.0668586 1.61907
29.7466 0.675717 0.0668333 1.61903
29.7926 0.675717 0.0668333 1.61904
29.8438 0.675716 0.0668586 1.61906
29.8869 0.675717 0.0668333 1.61904
29.9797 0.675717 0.0668333 1.61905
29.9802 0.675717 0.0668333 1.61904
30.0158 0.675716 0.0668586 1.61904
30.1125 0.675717 0.0668333 1.61908
30.1433 0.675717 0.0668333 1.61906
30.1447 0.675717 0.0668333 1.61905
30.2455 0.675717 0.0668333 1.61907
30.2485 0.675716 0.0668586 1.61904
30.2486 0.675716 0.0668586 1.61905
30.2752 0.675715 0.0668838 1.61908
30.3834 0.67571 0.066985 1.61956
30.4076 0.675676 0.0676675 1.62054
30.4091 0.675657 0.0680467 1.62073
30.5175 0.675637 0.0684512 1.62055
30.5203 0.675597 0.0692601 1.62049
30.5396 0.675579 0.0696141 1.61972
30.6523 0.675563 0.0699427 1.61931
30.6721 0.675528 0.0706758 1.61906
30.6735 0.675508 0.0710803 1.61893
30.8074 0.675483 0.0716113 1.61896
30.8121 0.675367 0.074013 1.61877
30.9244 0.675267 0.0761114 1.61858
30.9263 0.675207 0.0773502 1.61935
30.9351 0.675147 0.0785889 1.61959
31.1679 0.675084 0.0798782 1.61966
31.1689 0.674697 0.0877403 1.61962
31.2681 0.674186 0.0982318 1.61862
31.2736 0.674054 0.100988 1.61818
31.2987 0.673925 0.103718 1.61789
31.43 0.673793 0.10655 1.61717
31.4311 0.673509 0.112592 1.61747
31.4331 0.673361 0.115803 1.61665
31.4636 0.673218 0.118964 1.61479
31.7892 0.673072 0.122226 1.61672
31.7945 0.671807 0.149659 1.61828
31.8022 0.671637 0.1533 1.6166
31.9364 0.671465 0.156966 1.61899
31.9388 0.671118 0.164221 1.61813
31.9415 0.670929 0.168216 1.61805
31.9588 0.670741 0.172185 1.61813
32.3242 0.668792 0.210355 1.62142
32.7175 0.66833 0.219277 1.62322
32.7189 0.666512 0.255502 1.62194
32.7753 0.666009 0.265386 1.6222
32.7756 0.665483 0.275395 1.62213
32.7797 0.665226 0.280299 1.62454
32.7919 0.664949 0.285252 1.62865
32.9429 0.664662 0.29028 1.6268
32.9452 0.664087 0.300312 1.62866
32.9478 0.663797 0.305442 1.62607
32.9501 0.663506 0.310597 1.62802
32.9825 0.663213 0.315828 1.62564
33.4274 0.660666 0.363192 1.62533
33.45 0.660099 0.373782 1.62624
33.4513 0.659528 0.384245 1.62483
33.4586 0.659235 0.389502 1.62819
33.4818 0.658934 0.394808 1.62662
33.5182 0.65863 0.40009 1.63015
33.5519 0.658318 0.405396 1.62883
33.5865 0.65802 0.41055 1.62837
33.6244 0.657707 0.415856 1.63074
33.6622 0.657412 0.420961 1.62627
33.6952 0.657123 0.426065 1.62861
33.7287 0.656837 0.431094 1.62671
33.7622 0.65655 0.436173 1.62765
33.8067 0.656269 0.441101 1.62799
33.8538 0.655722 0.450906 1.62842
33.8986 0.65544 0.455859 1.62696
33.9068 0.655167 0.460762 1.62598
33.9508 0.654888 0.465715 1.6279
33.9948 0.654605 0.470668 1.62794
34.0435 0.65402 0.480724 1.62902
34.087 0.653741 0.485576 1.62749
34.1049 0.653456 0.490478 1.63039
34.1512 0.653159 0.495455 1.63049
34.1987 0.652869 0.500306 1.63032
34.2519 0.652271 0.510261 1.6291
34.2963 0.651978 0.515213 1.63067
34.303 0.651684 0.52014 1.63009
34.347 0.651406 0.524941 1.62715
34.3906 0.651115 0.529969 1.63007
34.4351 0.650828 0.534922 1.6272
34.479 0.650265 0.544802 1.62914
34.5228 0.649985 0.549679 1.6272
34.5371 0.649706 0.554556 1.62892
34.5871 0.649417 0.559559 1.62799
34.6363 0.64885 0.569364 1.62877
34.6793 0.648571 0.574291 1.62602
34.6988 0.648289 0.579193 1.63028
34.7471 0.647993 0.584196 1.62941
34.7907 0.647711 0.589073 1.62795
34.8357 0.647116 0.598876 1.63222
34.8793 0.646828 0.603524 1.63343
34.8965 0.646587 0.607313 1.63488
34.9395 0.646437 0.609738 1.63076
34.9913 0.646375 0.610748 1.63281
35.0356 0.646319 0.611658 1.63182
35.0826 0.646319 0.611658 1.63115
35.095 0.646321 0.611633 1.63116
35.1389 0.646319 0.611658 1.63116
35.1849 0.646319 0.611658 1.63113
35.2275 0.646319 0.611658 1.63113
35.271 0.646319 0.611658 1.63114
35.3153 0.646321 0.611633 1.63113
35.3295 0.646319 0.611658 1.63114
35.3752 0.646321 0.611633 1.63114
35.4186 0.646319 0.611658 1.63114
35.4673 0.646317 0.611683 1.63115
35.5112 0.646319 0.611658 1.63114
35.5253 0.646317 0.611683 1.63114
35.573 0.646319 0.611658 1.63113
35.6145 0.646321 0.611633 1.63114
35.6598 0.646321 0.611633 1.63113
35.7026 0.646319 0.611658 1.63112
35.7226 0.646319 0.611658 1.63112
35.767 0.646319 0.611658 1.63112
35.8113 0.646319 0.611658 1.63113
35.8557 0.646319 0.611658 1.63113
35.9017 0.646321 0.611633 1.63114
35.9205 0.646317 0.611683 1.63113
35.9644 0.646319 0.611658 1.63113
36.0082 0.646321 0.611633 1.63113
36.0526 0.646318 0.611683 1.63113
36.0954 0.646319 0.611658 1.63112
36.1416 0.646319 0.611658 1.63113
36.152 0.646319 0.611658 1.63112
36.1959 0.646319 0.611658 1.63112
36.2393 0.646318 0.611683 1.63113
36.2839 0.646318 0.611683 1.63112
36.3269 0.646319 0.611658 1.63112
36.3484 0.646319 0.611658 1.63113
36.3933 0.646319 0.611658 1.63112
36.4396 0.646319 0.611658 1.63113
36.4833 0.646321 0.611633 1.63113
36.5271 0.646321 0.611633 1.63112
36.549 0.646319 0.611658 1.63112
36.5945 0.646319 0.611658 1.63112
36.6414 0.646319 0.611658 1.63113
36.6871 0.646319 0.611658 1.63113
36.7305 0.646319 0.611658 1.63112
36.7461 0.646319 0.611658 1.63112
36.7958 0.646319 0.611658 1.63112
36.8395 0.646319 0.611658 1.63112
36.8832 0.646319 0.611658 1.63111
36.9281 0.646321 0.611633 1.63112
36.9282 0.646319 0.611658 1.63112
36.9706 0.646319 0.611658 1.63112
36.9761 0.646319 0.611658 1.63112
37.0187 0.646319 0.611658 1.63112
37.0629 0.646319 0.611658 1.63112
37.1109 0.646321 0.611633 1.63112
37.1553 0.646318 0.611683 1.63112
37.1741 0.646318 0.611683 1.63112
37.2197 0.646318 0.611683 1.63112
37.2628 0.646319 0.611658 1.63111
37.3146 0.646319 0.611658 1.63112
37.3598 0.646319 0.611658 1.63112
37.3721 0.646318 0.611683 1.63112
37.4158 0.646318 0.611683 1.63112
37.4607 0.646318 0.611683 1.63111
37.5029 0.646319 0.611658 1.6311
37.5518 0.646319 0.611658 1.63111
37.5946 0.646319 0.611658 1.63111
37.6053 0.646318 0.611683 1.63111
37.651 0.646321 0.611633 1.6311
37.6949 0.646321 0.611633 1.63112
37.771 0.646319 0.611658 1.63111
37.7809 0.646321 0.611633 1.63111
37.8151 0.646319 0.611658 1.63111
37.8441 0.646319 0.611658 1.63111
37.942 0.646305 0.611885 1.63294
38.0156 0.646286 0.612188 1.63718
38.0189 0.646275 0.61234 1.63948
38.0627 0.646274 0.612365 1.64326
38.0695 0.646276 0.61234 1.64731
38.1211 0.646278 0.612315 1.65181
38.1667 0.64628 0.612289 1.65521
38.213 0.646284 0.612239 1.66198
38.2574 0.646284 0.612239 1.66579
38.2673 0.646284 0.612239 1.67109
38.3109 0.646284 0.612239 1.67606
38.3548 0.646281 0.612264 1.68205
38.3996 0.646284 0.612239 1.695
38.4435 0.646291 0.612189 1.70273
38.4645 0.646287 0.612214 1.71047
38.5074 0.646291 0.612189 1.71869
38.5526 0.646295 0.612164 1.72748
38.6247 0.646299 0.612139 1.74664
38.6711 0.646299 0.612139 1.76729
38.7189 0.646299 0.612139 1.77745
38.7287 0.646299 0.612139 1.78737
38.7715 0.646288 0.612188 1.79785
38.8328 0.6463 0.612139 1.81745
38.8786 0.646293 0.612164 1.82718
38.8957 0.646307 0.612115 1.83745
38.975 0.646313 0.61209 1.85698
39.0355 0.646306 0.612115 1.86632
39.0417 0.646306 0.612115 1.8749
39.0868 0.646291 0.612163 1.88445
39.1355 0.646299 0.612139 1.90384
39.1898 0.646307 0.612115 1.91344
39.193 0.646299 0.612139 1.92307
39.2351 0.646307 0.612115 1.93347
39.2827 0.646307 0.612115 1.94408
39.3274 0.646289 0.612162 1.96401
39.3724 0.646279 0.612185 1.9742
39.3943 0.646289 0.612162 1.98443
39.439 0.646289 0.612162 1.99427
39.4829 0.646289 0.612162 2.00399
39.5275 0.646311 0.612116 2.0225
39.5706 0.646299 0.612139 2.03206
39.5895 0.646299 0.612139 2.04114
39.6365 0.646288 0.612162 2.05028
39.6843 0.646276 0.612184 2.06031
39.755 0.646264 0.612206 2.08038
39.8038 0.646276 0.612184 2.10066
39.8467 0.646276 0.612184 2.11083
39.8676 0.64625 0.612227 2.12146
39.9117 0.64625 0.612227 2.13142
39.9595 0.646236 0.612249 2.15145
40.0025 0.646236 0.612249 2.1617
40.0157 0.64625 0.612228 2.17189
40.0593 0.64625 0.612228 2.1811
40.1121 0.64625 0.612228 2.19073
40.1557 0.64625 0.612228 2.20961
40.1987 0.646235 0.612248 2.21864
40.2147 0.64622 0.612268 2.22855
40.2592 0.64622 0.612268 2.23855
40.3054 0.646204 0.612288 2.24846
40.3564 0.646188 0.612307 2.26933
40.3989 0.646188 0.612307 2.28003
40.4121 0.646155 0.612345 2.29078
40.4551 0.646155 0.612345 2.30175
40.4992 0.646155 0.612345 2.31198
40.546 0.646137 0.612364 2.32172
40.5911 0.646138 0.612364 2.34169
40.6377 0.646155 0.612346 2.35132
40.6456 0.64612 0.612382 2.36086
40.6912 0.646102 0.6124 2.3706
40.7392 0.646102 0.6124 2.38055
40.8001 0.646102 0.6124 2.40014
40.8443 0.646045 0.612451 2.42021
40.8915 0.646064 0.612434 2.43043
40.9081 0.646064 0.612434 2.44088
40.9553 0.646025 0.612466 2.45119
41.0017 0.646025 0.612466 2.46143
41.0742 0.646006 0.612482 2.48246
41.0845 0.646006 0.612482 2.4926
41.1064 0.646026 0.612467 2.50153
41.1398 0.646005 0.612482 2.51148
41.1827 0.646026 0.612467 2.52049
41.2284 0.646005 0.612482 2.52955
41.276 0.646005 0.612482 2.54909
41.3192 0.645984 0.612496 2.55919
41.3379 0.645984 0.612496 2.56984
41.3941 0.645984 0.612496 2.57964
41.44 0.645963 0.612509 2.60012
41.4835 0.646006 0.612483 2.60991
41.5051 0.645984 0.612496 2.61986
41.5517 0.645984 0.612496 2.62975
41.6012 0.645962 0.612508 2.63967
41.6473 0.645985 0.612496 2.65996
41.6913 0.645985 0.612496 2.66954
41.6997 0.646007 0.612485 2.67898
41.7655 0.645984 0.612496 2.68816
41.8169 0.645985 0.612496 2.70715
41.8633 0.646031 0.612475 2.7169
41.8648 0.646007 0.612486 2.72674
41.9099 0.646007 0.612486 2.73701
41.9588 0.646031 0.612476 2.74757
42.0169 0.64596 0.612505 2.768
42.063 0.64596 0.612505 2.77825
42.0644 0.645937 0.612513 2.78844
42.1072 0.645961 0.612505 2.79882
42.1561 0.646032 0.61248 2.80819
42.1988 0.646056 0.612472 2.82732
42.2465 0.64608 0.612464 2.83713
42.2605 0.646056 0.612471 2.84645
42.3071 0.646032 0.612479 2.85563
42.3529 0.645959 0.6125 2.86593
42.3949 0.646032 0.61248 2.88532
42.4395 0.646032 0.61248 2.89541
42.4605 0.646057 0.612474 2.90569
42.5041 0.646081 0.612468 2.91588
42.5465 0.646131 0.612457 2.92636
42.5955 0.646056 0.612472 2.94639
42.6433 0.646056 0.612472 2.95652
42.662 0.646056 0.612472 2.96696
42.7069 0.646106 0.612464 2.97711
42.7514 0.646156 0.612456 2.98629
42.7987 0.646206 0.612449 3.00596
42.8439 0.646206 0.612449 3.01529
42.8572 0.646181 0.612452 3.02488
42.9029 0.646156 0.612455 3.03477
42.9475 0.646131 0.612457 3.04421
42.9913 0.646131 0.612458 3.06491
43.0419 0.646131 0.612458 3.07538
43.0524 0.646156 0.612456 3.08526
43.0953 0.646156 0.612456 3.09587
43.1397 0.646181 0.612455 3.10642
43.1826 0.646156 0.612456 3.11615
43.2269 0.646181 0.612456 3.13604
43.2709 0.646207 0.612456 -3.13767
43.2823 0.646207 0.612456 -3.13097
43.3307 0.646232 0.612456 -3.12647
43.3768 0.646257 0.612456 -3.12453
43.419 0.646257 0.612456 -3.12437
43.4191 0.646257 0.612456 -3.12433
43.4631 0.646257 0.612456 -3.12431
43.4832 0.646257 0.612456 -3.12432
43.5308 0.646257 0.612456 -3.12432
43.5786 0.646257 0.612456 -3.1243
43.6229 0.646257 0.612456 -3.12431
43.6669 0.646283 0.612457 -3.12433
43.6846 0.646257 0.612456 -3.12432
43.7272 0.646257 0.612456 -3.12433
43.7706 0.646257 0.612456 -3.12433
43.8157 0.646257 0.612456 -3.12433
43.8734 0.646257 0.612456 -3.12433
43.9192 0.646257 0.612456 -3.12433
43.922 0.646257 0.612456 -3.12432
43.9705 0.646257 0.612456 -3.12434
44.0146 0.646257 0.612456 -3.12433
44.0591 0.646257 0.612456 -3.12433
44.1025 0.646257 0.612456 -3.12432
44.1171 0.646257 0.612456 -3.12434
44.1741 0.646257 0.612456 -3.12433
44.2213 0.646257 0.612456 -3.12435
44.274 0.646283 0.612457 -3.12435
44.285 0.646257 0.612456 -3.12426
44.3268 0.646232 0.612456 -3.12426
44.3762 0.646232 0.612456 -3.12427
44.4195 0.645979 0.612451 -3.12175
44.4626 0.645777 0.612447 -3.11928
44.4836 0.645574 0.612442 -3.117
44.5274 0.645321 0.612436 -3.11458
44.5726 0.644967 0.612426 -3.11307
44.615 0.644587 0.612415 -3.11252
44.659 0.643955 0.612396 -3.11111
44.7034 0.643601 0.612385 -3.11083
44.7186 0.643348 0.612377 -3.11058
44.7704 0.643044 0.612368 -3.11069
44.8157 0.642639 0.612355 -3.11055
44.8627 0.641476 0.612319 -3.11004
44.9094 0.640767 0.612297 -3.10934
44.9179 0.639983 0.612271 -3.10942
44.9626 0.639098 0.612243 -3.1099
45.0069 0.638111 0.612212 -3.1097
45.0505 0.637124 0.61218 -3.10964
45.0986 0.634999 0.612113 -3.11023
45.1435 0.63381 0.612076 -3.11005
45.1534 0.632672 0.61204 -3.11065
45.1988 0.631458 0.612003 -3.11108
45.2435 0.630193 0.611964 -3.11111
45.2887 0.628877 0.611924 -3.11114
45.3396 0.62617 0.61184 -3.10952
45.3834 0.624855 0.611798 -3.10971
45.3863 0.623539 0.611756 -3.11024
45.4353 0.622021 0.61171 -3.11147
45.4831 0.620731 0.611671 -3.11229
45.531 0.618125 0.611594 -3.11218
45.5804 0.616911 0.611559 -3.11216
45.5924 0.615469 0.611516 -3.11126
45.6371 0.614103 0.611474 -3.11151
45.6794 0.612787 0.611435 -3.11143
45.7234 0.610055 0.611351 -3.11118
45.767 0.608765 0.611312 -3.11149
45.7889 0.607373 0.611271 -3.11223
45.8359 0.605956 0.611229 -3.11239
45.8826 0.604641 0.61119 -3.11158
45.9307 0.601984 0.61111 -3.11093
45.9746 0.600643 0.611069 -3.11114
45.99 0.599303 0.611028 -3.11085
46.0346 0.59781 0.610982 -3.11075
46.0789 0.59652 0.610942 -3.11051
46.1286 0.593636 0.610854 -3.11151
46.1706 0.592042 0.610806 -3.11121
46.1918 0.590473 0.610758 -3.11047
46.2353 0.588905 0.610709 -3.11015
46.2797 0.587134 0.610653 -3.10986
46.3298 0.583845 0.610547 -3.10913
46.3747 0.582201 0.610494 -3.10956
46.392 0.580632 0.610445 -3.11015
46.4354 0.578862 0.610389 -3.11003
46.4787 0.577243 0.610337 -3.10951
46.5266 0.575649 0.610286 -3.10891
46.5773 0.572158 0.610172 -3.10871
46.6481 0.568895 0.610064 -3.10799
46.6914 0.567174 0.610006 -3.10839
46.6947 0.565454 0.609949 -3.10839
46.7443 0.563785 0.609894 -3.10847
46.7893 0.56209 0.609837 -3.10763
46.8356 0.558827 0.609726 -3.10776
46.8789 0.557182 0.609671 -3.10822
46.8989 0.555437 0.609613 -3.10871
46.9431 0.553793 0.609559 -3.10859
46.9868 0.552224 0.609507 -3.1088
47.0309 0.550555 0.609453 -3.10881
47.0789 0.547114 0.609339 -3.10806
47.1227 0.54552 0.609286 -3.10819
47.133 0.543775 0.609228 -3.10849
47.1787 0.54208 0.609172 -3.10927
47.2229 0.540461 0.60912 -3.1089
47.2694 0.537071 0.609008 -3.10872
47.3146 0.535427 0.608954 -3.10855
47.3324 0.533757 0.608899 -3.10841
47.3789 0.531961 0.608839 -3.10834
47.4265 0.530317 0.608785 -3.10847
47.4734 0.528698 0.608732 -3.10954
47.4735 0.526927 0.608675 -3.10955
47.5188 0.525283 0.608623 -3.10991
47.5346 0.523638 0.60857 -3.10993
47.5786 0.521792 0.608511 -3.10909
47.6235 0.520071 0.608455 -3.10902
47.667 0.518478 0.608403 -3.10914
47.7114 0.514987 0.608293 -3.1105
47.7587 0.513317 0.608241 -3.11084
47.7703 0.511723 0.608192 -3.11045
47.8214 0.509902 0.608135 -3.11116
47.8669 0.508206 0.608084 -3.11083
47.9373 0.50469 0.607975 -3.11035
47.9854 0.501401 0.607874 -3.11172
48.0314 0.49958 0.60782 -3.11172
48.0398 0.497986 0.607771 -3.10997
48.0828 0.496341 0.607719 -3.10974
48.127 0.494545 0.607661 -3.10944
48.1757 0.491155 0.607553 -3.1104
48.2192 0.489562 0.607504 -3.11025
48.2468 0.48774 0.607446 -3.11021
48.2938 0.485994 0.607391 -3.1099
48.3527 0.482402 0.607277 -3.10918
48.3963 0.480378 0.607211 -3.10945
48.4084 0.478481 0.607151 -3.1099
48.4561 0.476609 0.607092 -3.11013
48.5032 0.47461 0.607028 -3.10949
48.5486 0.472713 0.606966 -3.10874
48.5487 0.470715 0.6069 -3.1084
48.5915 0.468792 0.606836 -3.10777
48.6118 0.466617 0.606763 -3.10875
48.6549 0.464694 0.606701 -3.10941
48.7024 0.46267 0.606636 -3.10985
48.7506 0.458648 0.606508 -3.1096
48.7995 0.456472 0.606438 -3.10944
48.8221 0.454449 0.606372 -3.10879
48.8681 0.452501 0.606309 -3.1098
48.9106 0.450553 0.606248 -3.11101
48.9571 0.446555 0.606126 -3.11051
49.0025 0.444633 0.606067 -3.11094
49.0169 0.442508 0.606002 -3.1111
49.0631 0.440534 0.605941 -3.11027
49.1124 0.43846 0.605877 -3.11119
49.1556 0.434488 0.605758 -3.11214
49.2218 0.43044 0.605639 -3.11163
49.2671 0.428466 0.60558 -3.11158
49.2829 0.426443 0.605519 -3.11175
49.3309 0.424393 0.605457 -3.11133
49.3748 0.422471 0.605399 -3.11116
49.4228 0.418372 0.605275 -3.11072
49.4666 0.416374 0.605213 -3.11032
49.485 0.41435 0.605151 -3.11213
49.5306 0.412224 0.60509 -3.11341
49.5754 0.410276 0.605035 -3.11315
49.6192 0.408353 0.604979 -3.11236
49.6652 0.404255 0.604859 -3.11258
49.7122 0.402281 0.604803 -3.11316
49.7256 0.400156 0.604743 -3.11366
49.7705 0.398208 0.604689 -3.11447
49.8154 0.396184 0.604634 -3.11379
49.8593 0.392085 0.604517 -3.11302
49.9101 0.390061 0.604459 -3.11204
49.9263 0.387987 0.604397 -3.11228
49.9719 0.386039 0.604341 -3.11336
50.015 0.384065 0.604285 -3.11301
50.0596 0.380093 0.604169 -3.11214
50.1034 0.378069 0.60411 -3.11268
50.1267 0.375969 0.604047 -3.11111
50.176 0.374148 0.603992 -3.11138
50.2303 0.372174 0.603933 -3.1124
50.2772 0.368126 0.603812 -3.11027
50.3233 0.366204 0.603751 -3.11027
50.3297 0.364053 0.603684 -3.11065
50.3751 0.36208 0.603622 -3.10986
50.4205 0.360208 0.603564 -3.11049
50.4657 0.35611 0.603436 -3.11028
50.5112 0.354212 0.603376 -3.10964
50.5326 0.352138 0.60331 -3.10943
50.5793 0.350165 0.603246 -3.10947
50.6602 0.346092 0.603118 -3.11023
50.7119 0.342246 0.602997 -3.11014
50.7575 0.340121 0.60293 -3.1099
50.7652 0.338199 0.602869 -3.10986
50.8646 0.334303 0.602746 -3.11064
50.9084 0.330255 0.60262 -3.11
50.9512 0.328282 0.602558 -3.11008
50.9681 0.326182 0.602491 -3.10932
51.0112 0.324209 0.602427 -3.10932
51.0574 0.322236 0.602364 -3.10979
51.1033 0.318188 0.602236 -3.11035
51.1469 0.31624 0.602176 -3.11076
51.1701 0.314014 0.602108 -3.11145
51.215 0.31204 0.602047 -3.11023
51.2633 0.310092 0.601986 -3.11025
51.3077 0.305893 0.601861 -3.11275
51.3551 0.304021 0.601805 -3.11088
51.3733 0.301921 0.601741 -3.11085
51.4188 0.299872 0.601678 -3.11138
51.4627 0.297898 0.601618 -3.11068
51.5071 0.293825 0.601493 -3.11188
51.5509 0.291852 0.601435 -3.11218
51.5752 0.289701 0.60137 -3.11113
51.6224 0.287703 0.601309 -3.11035
51.6715 0.285679 0.601246 -3.11083
51.7163 0.281631 0.601123 -3.11129
51.7611 0.279708 0.601065 -3.11065
51.7779 0.277583 0.600999 -3.11052
51.824 0.27561 0.600937 -3.10997
51.8669 0.273611 0.600874 -3.10999
51.9119 0.269589 0.600748 -3.11058
51.9589 0.267641 0.600687 -3.11046
51.9791 0.265567 0.600622 -3.11037
52.0226 0.263568 0.60056 -3.11061
52.0673 0.261569 0.600497 -3.10945
52.1108 0.257547 0.60037 -3.11088
52.1629 0.255624 0.600312 -3.11139
52.1829 0.253702 0.600253 -3.11091
52.2269 0.251754 0.600194 -3.11158
52.2715 0.249553 0.600128 -3.11183
52.3153 0.245555 0.600005 -3.11115
52.3638 0.243455 0.599943 -3.11296
52.3768 0.241482 0.599887 -3.11346
52.4237 0.239585 0.599832 -3.11163
52.4702 0.237561 0.599772 -3.11196
52.5154 0.233589 0.599653 -3.11153
52.5588 0.231565 0.599593 -3.11191
52.5798 0.229642 0.599537 -3.11298
52.623 0.227668 0.599481 -3.11346
52.671 0.225518 0.599418 -3.11163
52.7147 0.221596 0.599303 -3.11228
52.7609 0.219471 0.599241 -3.11303
52.782 0.217548 0.599187 -3.11334
52.8267 0.215651 0.599132 -3.11279
52.8755 0.213703 0.599077 -3.11332
52.9192 0.209553 0.598959 -3.11277
52.9635 0.207428 0.598899 -3.11391
52.9837 0.20548 0.598846 -3.11506
53.0278 0.203506 0.598794 -3.11512
53.0711 0.201356 0.598737 -3.11493
53.1192 0.197434 0.59863 -3.11392
53.1628 0.195461 0.598576 -3.11459
53.1876 0.19331 0.598519 -3.11512
53.2308 0.191362 0.598468 -3.11595
53.275 0.189413 0.598417 -3.11515
53.3188 0.187288 0.598361 -3.11501
53.363 0.183316 0.598256 -3.11438
53.4142 0.18119 0.598198 -3.11437
53.4209 0.179192 0.598145 -3.11562
53.4629 0.177193 0.598093 -3.11576
53.5069 0.17527 0.598041 -3.11393
53.5516 0.17322 0.597984 -3.1136
53.5997 0.169273 0.597874 -3.11354
53.644 0.167249 0.597817 -3.11288
53.6567 0.165327 0.597762 -3.11378
53.7016 0.163378 0.597708 -3.1139
53.7496 0.161278 0.597648 -3.1122
53.7978 0.157408 0.597534 -3.11327
53.8436 0.155232 0.597471 -3.11246
53.8584 0.153334 0.597415 -3.11196
53.9048 0.151437 0.597359 -3.11225
53.9487 0.14921 0.597294 -3.11184
53.9904 0.147313 0.597237 -3.11164
54.04 0.143265 0.597116 -3.11185
54.0867 0.141368 0.597061 -3.11257
54.0937 0.139419 0.597004 -3.11279
54.14 0.13732 0.596944 -3.11273
54.1919 0.135371 0.596887 -3.11234
54.235 0.131374 0.596768 -3.11156
54.279 0.12935 0.596707 -3.11164
54.2953 0.127402 0.596649 -3.11206
54.3426 0.125378 0.596588 -3.11113
54.3867 0.123405 0.596528 -3.11137
54.4327 0.121381 0.596468 -3.11209
54.4794 0.117308 0.596344 -3.1108
54.5547 0.11326 0.596223 -3.11284
54.5991 0.10944 0.59611 -3.11173
54.6431 0.10739 0.59605 -3.11234
54.6681 0.105215 0.595984 -3.11087
54.719 0.103292 0.595924 -3.10998
54.767 0.101192 0.595859 -3.11141
54.8152 0.0971695 0.595742 -3.11188
54.8629 0.0951708 0.595682 -3.11141
54.872 0.093071 0.595619 -3.11183
54.9409 0.0890737 0.595501 -3.11199
54.9865 0.0869991 0.59544 -3.11257
55.0033 0.0850004 0.595381 -3.11241
55.0512 0.0828752 0.595318 -3.11134
55.0951 0.080826 0.595255 -3.11044
55.1399 0.0768289 0.59513 -3.11051
55.1828 0.074805 0.595068 -3.11105
55.2049 0.0727811 0.595005 -3.11035
55.2472 0.0708585 0.594945 -3.11011
55.295 0.0687587 0.594879 -3.11005
55.3445 0.0647869 0.594755 -3.11075
55.3876 0.0627629 0.594693 -3.11156
55.4062 0.0608402 0.594634 -3.11078
55.4506 0.0589428 0.594576 -3.11068
55.496 0.0567165 0.594507 -3.11094
55.5407 0.054718 0.594445 -3.10977
55.5838 0.0506956 0.594318 -3.11088
55.631 0.0486969 0.594257 -3.11187
55.6422 0.0467995 0.594199 -3.11037
55.6869 0.0447757 0.594136 -3.11037
55.7319 0.0428024 0.594075 -3.11098
55.7747 0.0407785 0.594012 -3.11024
55.8196 0.0367813 0.593888 -3.11166
55.8629 0.0347574 0.593828 -3.11242
55.8767 0.032784 0.593768 -3.1105
55.9189 0.0309372 0.593711 -3.11102
55.9629 0.0287868 0.593646 -3.11128
56.0077 0.0267882 0.593585 -3.11092
56.0529 0.022791 0.593464 -3.11192
56.0948 0.0208429 0.593406 -3.11189
56.1117 0.0188695 0.593347 -3.11144
56.1548 0.0168962 0.593288 -3.11188
56.2004 0.0147964 0.593225 -3.11141
56.2433 0.012823 0.593166 -3.1125
56.2871 0.00890147 0.593053 -3.11309
56.3315 0.00692806 0.592996 -3.1121
56.3447 0.00497999 0.592938 -3.11195
56.3868 0.00282953 0.592874 -3.11201
56.4346 0.000805561 0.592814 -3.11189
56.479 -0.00116786 0.592758 -3.11383
56.5237 -0.00309074 0.592705 -3.11438
56.5238 -0.00521606 0.592647 -3.11454
56.5673 -0.00718956 0.592593 -3.11408
56.5798 -0.00916302 0.592538 -3.11308
56.6235 -0.0110858 0.592483 -3.11293
56.668 -0.0131099 0.592426 -3.11407
56.7109 -0.0152605 0.592368 -3.1151
56.7717 -0.0191316 0.592263 -3.11393
56.815 -0.0231291 0.59215 -3.11268
56.8655 -0.0251278 0.592092 -3.11284
56.8829 -0.0272025 0.592033 -3.11347
56.9295 -0.0291507 0.591979 -3.11487
56.9808 -0.0330976 0.591869 -3.11249
57.0226 -0.0351469 0.59181 -3.11252
57.0481 -0.0371456 0.591752 -3.11253
57.0911 -0.039119 0.591694 -3.11183
57.1499 -0.0429139 0.591582 -3.11271
57.1946 -0.0450644 0.59152 -3.11237
57.2146 -0.0469872 0.591462 -3.11117
57.2589 -0.0489352 0.591403 -3.11121
57.3067 -0.0509591 0.591342 -3.11167
57.3508 -0.0549564 0.591221 -3.11164
57.4008 -0.0569297 0.591161 -3.11093
57.415 -0.0588777 0.591101 -3.11052
57.4587 -0.060851 0.591039 -3.11033
57.51 -0.0627737 0.590979 -3.11004
57.5714 -0.0667961 0.590854 -3.1116
57.6197 -0.0706922 0.590737 -3.11129
57.6625 -0.0727161 0.590676 -3.1117
57.6883 -0.074816 0.590613 -3.11123
57.731 -0.0767134 0.590555 -3.1111
57.7781 -0.078712 0.590495 -3.11158
57.8239 -0.0825322 0.59038 -3.11153
57.8667 -0.0844803 0.590321 -3.11137
57.8806 -0.0865042 0.590261 -3.11176
57.9331 -0.0885534 0.590198 -3.11078
57.9929 -0.0925001 0.590078 -3.11162
58.035 -0.0944987 0.590019 -3.11225
58.0475 -0.0964468 0.589961 -3.11202
58.0907 -0.0984202 0.589903 -3.11193
58.1356 -0.100394 0.589844 -3.11162
58.1788 -0.102392 0.589784 -3.11163
58.2252 -0.106465 0.589663 -3.11261
58.2707 -0.108388 0.589607 -3.1125
58.2814 -0.10978 0.589566 -3.11177
58.3286 -0.11069 0.589539 -3.11197
58.3711 -0.111247 0.589523 -3.11219
58.4146 -0.111449 0.589517 -3.11202
58.4632 -0.111475 0.589516 -3.11216
58.5113 -0.111449 0.589517 -3.11212
58.516 -0.111449 0.589517 -3.11214
58.5931 -0.111475 0.589516 -3.11216
58.6397 -0.111449 0.589517 -3.11213
58.6845 -0.111449 0.589517 -3.11212
58.7274 -0.111449 0.589517 -3.11215
58.7466 -0.111475 0.589516 -3.11214
58.7982 -0.111475 0.589516 -3.11214
58.8661 -0.111475 0.589516 -3.11217
58.9171 -0.111449 0.589517 -3.11219
58.9948 -0.111449 0.589517 -3.11208
59.0409 -0.111475 0.589516 -3.11215
59.0474 -0.111449 0.589517 -3.11212
59.1125 -0.111449 0.589517 -3.11221
59.19 -0.111449 0.589517 -3.11217
59.2024 -0.111449 0.589517 -3.11214
59.2219 -0.111449 0.589517 -3.11218
59.2462 -0.111449 0.589517 -3.11217
59.2926 -0.111449 0.589517 -3.11218
59.3372 -0.111525 0.589514 -3.11154
59.392 -0.111829 0.589505 -3.10877
59.4357 -0.111905 0.589502 -3.10755
59.4435 -0.112031 0.589498 -3.10601
59.4891 -0.112158 0.589493 -3.10441
59.5364 -0.112284 0.589489 -3.10284
59.5792 -0.112335 0.589487 -3.09623
59.6233 -0.11231 0.589488 -3.09253
59.6429 -0.11236 0.589485 -3.08845
59.6925 -0.11236 0.589485 -3.08447
59.7837 -0.11231 0.589488 -3.07682
59.8409 -0.112335 0.589487 -3.0689
59.854 -0.112284 0.58949 -3.06436
59.8739 -0.112284 0.58949 -3.05903
59.9086 -0.112259 0.589492 -3.053
59.9507 -0.112284 0.58949 -3.04625
60.0146 -0.112309 0.589488 -3.03392
60.0626 -0.112309 0.589488 -3.02711
60.0714 -0.112335 0.589485 -3.02071
60.1199 -0.112335 0.589485 -3.01366
60.1841 -0.112335 0.589485 -3.00113
60.2314 -0.112335 0.589485 -2.99406
60.2367 -0.11236 0.589481 -2.98667
60.282 -0.11231 0.589489 -2.98001
60.3271 -0.11231 0.589489 -2.9733
60.3722 -0.112335 0.589484 -2.95948
60.4147 -0.112359 0.58948 -2.95188
60.4357 -0.112359 0.58948 -2.94482
60.4862 -0.112359 0.58948 -2.9377
60.5316 -0.112359 0.58948 -2.93137
60.5921 -0.112335 0.589485 -2.92428
60.5922 -0.112359 0.58948 -2.91817
60.6352 -0.112286 0.589497 -2.90548
60.6791 -0.112236 0.589509 -2.89941
60.6982 -0.112261 0.589503 -2.8935
60.7568 -0.112236 0.589509 -2.88696
60.7993 -0.112212 0.589516 -2.87431
60.8471 -0.112236 0.589509 -2.86724
60.8687 -0.112236 0.589509 -2.86073
60.9112 -0.112261 0.589502 -2.85421
60.9552 -0.112285 0.589495 -2.84697
61.0005 -0.112357 0.589472 -2.83382
61.048 -0.112357 0.589472 -2.82688
61.078 -0.112333 0.58948 -2.8202
61.1255 -0.112357 0.589472 -2.81338
61.1876 -0.11231 0.589489 -2.79963
61.2395 -0.11231 0.589489 -2.78629
61.305 -0.11231 0.589489 -2.77287
61.3491 -0.112333 0.58948 -2.76583
61.3624 -0.11231 0.589489 -2.75863
61.4127 -0.112333 0.589479 -2.7522
61.4581 -0.112263 0.589508 -2.74596
61.4582 -0.112263 0.589508 -2.73945
61.5059 -0.112286 0.589498 -2.73324
61.525 -0.112263 0.589509 -2.72655
61.5692 -0.112263 0.589509 -2.72015
61.6153 -0.112286 0.589498 -2.71437
61.6593 -0.112309 0.589487 -2.702
61.7108 -0.112309 0.589487 -2.69546
61.7218 -0.112286 0.589498 -2.68878
61.7898 -0.112309 0.589487 -2.68181
61.8537 -0.112331 0.589476 -2.6684
61.9215 -0.112399 0.58944 -2.65421
61.922 -0.112376 0.589452 -2.64707
61.97 -0.112354 0.589464 -2.64015
61.9904 -0.112376 0.589452 -2.63353
62.084 -0.112354 0.589465 -2.62027
62.1276 -0.112333 0.589478 -2.60663
62.1739 -0.112289 0.589504 -2.60053
62.1839 -0.112268 0.589517 -2.5944
62.2272 -0.112268 0.589517 -2.58765
62.2753 -0.112289 0.589504 -2.58107
62.3317 -0.11231 0.58949 -2.5686
62.3788 -0.11231 0.58949 -2.5625
62.3818 -0.112289 0.589504 -2.556
62.4275 -0.11231 0.58949 -2.54929
62.4714 -0.112352 0.589461 -2.54305
62.5152 -0.112373 0.589447 -2.5308
62.5627 -0.112373 0.589447 -2.52442
62.5812 -0.112352 0.589462 -2.51776
62.6288 -0.112352 0.589462 -2.51103
62.6766 -0.112332 0.589477 -2.50431
62.7187 -0.112372 0.589446 -2.49758
62.7188 -0.112372 0.589446 -2.4909
62.7845 -0.112372 0.589446 -2.47703
62.8387 -0.112392 0.589431 -2.47001
62.8442 -0.112392 0.589431 -2.4632
62.8883 -0.112451 0.589383 -2.45614
62.9373 -0.112432 0.589399 -2.44942
62.9889 -0.112451 0.589383 -2.43647
63.0487 -0.112393 0.589432 -2.42419
63.0927 -0.112374 0.589449 -2.41791
63.1095 -0.112374 0.589449 -2.4114
63.1596 -0.112356 0.589466 -2.40504
63.2219 -0.112337 0.589483 -2.39274
63.2706 -0.112337 0.589483 -2.38619
63.2723 -0.112355 0.589465 -2.37951
63.3175 -0.112392 0.58943 -2.37291
63.3636 -0.112392 0.58943 -2.36645
63.4306 -0.112446 0.589377 -2.35288
63.4768 -0.11241 0.589413 -2.33933
63.529 -0.112445 0.589376 -2.33238
63.5397 -0.112428 0.589395 -2.32549
63.5883 -0.112428 0.589395 -2.31856
63.6363 -0.112411 0.589413 -2.31197
63.6804 -0.112411 0.589413 -2.29836
63.7238 -0.112411 0.589413 -2.29159
63.7354 -0.112377 0.589451 -2.2842
63.7813 -0.112377 0.589451 -2.2777
63.8404 -0.112378 0.589451 -2.26463
63.8843 -0.112378 0.589451 -2.25847
63.9313 -0.112378 0.589451 -2.25205
63.9784 -0.112346 0.589491 -2.23942
64.0269 -0.112377 0.589451 -2.23326
64.0572 -0.112393 0.589431 -2.22653
64.1105 -0.112408 0.589411 -2.21386
64.1706 -0.112408 0.589411 -2.20145
64.2194 -0.112408 0.589411 -2.19468
64.2301 -0.112423 0.58939 -2.18742
64.2759 -0.112423 0.58939 -2.18022
64.3191 -0.112437 0.58937 -2.17349
64.3694 -0.112451 0.589349 -2.15993
64.4154 -0.112451 0.589349 -2.15316
64.4301 -0.112451 0.589349 -2.14621
64.4791 -0.112437 0.58937 -2.13946
64.523 -0.112465 0.589327 -2.13314
64.5673 -0.112465 0.589327 -2.12629
64.5674 -0.112451 0.589349 -2.11972
64.6117 -0.112438 0.58937 -2.11304
64.6252 -0.112412 0.589414 -2.10682
64.6711 -0.112399 0.589436 -2.10093
64.7149 -0.112399 0.589436 -2.09466
64.7667 -0.112387 0.589458 -2.08123
64.8188 -0.112374 0.58948 -2.07516
64.84 -0.112387 0.589457 -2.06818
64.91 -0.112434 0.589368 -2.05468
64.9551 -0.112422 0.58939 -2.04807
64.9664 -0.112411 0.589413 -2.04105
65.0319 -0.112433 0.589368 -2.02792
65.1237 -0.112444 0.589345 -2.01398
65.1336 -0.112444 0.589345 -2.00718
65.1564 -0.112444 0.589345 -2.00067
65.2007 -0.112444 0.589345 -1.99427
65.2495 -0.112434 0.589368 -1.98762
65.3062 -0.112444 0.589345 -1.97375
65.3506 -0.112454 0.589321 -1.96686
65.3581 -0.112454 0.589321 -1.95989
65.4026 -0.112454 0.589321 -1.95307
65.4567 -0.112426 0.589392 -1.94048
65.5 -0.112417 0.589416 -1.93409
65.5189 -0.112408 0.589439 -1.92774
65.567 -0.112417 0.589416 -1.92138
65.6114 -0.112425 0.589392 -1.91538
65.6599 -0.112425 0.589392 -1.9026
65.7121 -0.112433 0.589368 -1.89588
65.7149 -0.112425 0.589392 -1.88933
65.7589 -0.112441 0.589344 -1.8828
65.8194 -0.112456 0.589296 -1.86908
65.8632 -0.112464 0.589271 -1.86227
65.8816 -0.112464 0.589271 -1.8552
65.9862 -0.112478 0.589223 -1.84151
66.0024 -0.112478 0.589223 -1.83482
66.0194 -0.112478 0.589223 -1.8282
66.0516 -0.112478 0.589223 -1.82125
66.1071 -0.112471 0.589247 -1.81489
66.1533 -0.112459 0.589296 -1.80208
66.2034 -0.112454 0.589321 -1.79521
66.2125 -0.112448 0.589346 -1.78854
66.2586 -0.112443 0.58937 -1.78218
66.304 -0.112443 0.58937 -1.77562
66.348 -0.112453 0.589321 -1.76432
66.3989 -0.112457 0.589296 -1.76127
66.408 -0.112453 0.589321 -1.76053
66.4528 -0.112453 0.589321 -1.76053
66.4995 -0.112453 0.589321 -1.76048
66.5541 -0.112453 0.589321 -1.7605
66.6053 -0.112457 0.589296 -1.76051
66.6072 -0.112457 0.589296 -1.76052
66.6506 -0.112457 0.589296 -1.76052
66.6947 -0.112453 0.589321 -1.76052
66.7713 -0.112457 0.589296 -1.76053
66.7781 -0.112453 0.589321 -1.7605
66.8041 -0.112453 0.589321 -1.76049
66.8452 -0.112453 0.589321 -1.76051
66.9268 -0.112457 0.589296 -1.7605
66.9707 -0.112453 0.589321 -1.76052
67.0581 -0.112457 0.589296 -1.76055
67.0608 -0.112457 0.589296 -1.76053
67.1065 -0.112457 0.589296 -1.76053
67.1526 -0.112457 0.589296 -1.76053
67.1676 -0.112457 0.589296 -1.76049
67.2447 -0.112457 0.589296 -1.76001
67.3293 -0.112448 0.589346 -1.75699
67.3857 -0.112448 0.589346 -1.75287
67.4448 -0.112448 0.589346 -1.74678
67.51 -0.112456 0.589296 -1.74003
67.5648 -0.112469 0.589221 -1.73611
67.5666 -0.112469 0.589221 -1.73284
67.6498 -0.112477 0.589171 -1.72532
67.7059 -0.11247 0.589221 -1.719
67.7517 -0.112466 0.589246 -1.71573
67.8215 -0.112469 0.589221 -1.71088
67.903 -0.112466 0.589246 -1.70921
67.9621 -0.112469 0.589221 -1.70917
67.9907 -0.112473 0.589196 -1.70918
68.0774 -0.112466 0.589246 -1.70918
68.1065 -0.112466 0.589246 -1.70921
68.1249 -0.112466 0.589246 -1.70918
68.215 -0.112466 0.589246 -1.70919
68.2151 -0.112466 0.589246 -1.70919
68.2234 -0.112466 0.589246 -1.7092
68.2702 -0.112469 0.589221 -1.70919
68.3165 -0.112466 0.589246 -1.70919
68.3881 -0.112466 0.589246 -1.70918
68.4076 -0.112469 0.589221 -1.70919
68.4304 -0.112466 0.589246 -1.70918
68.4703 -0.112466 0.589246 -1.70918
68.523 -0.112466 0.589246 -1.7092
68.5815 -0.112473 0.589196 -1.70907
68.6044 -0.112497 0.58902 -1.70725
68.6502 -0.112531 0.58877 -1.70425
68.7046 -0.112604 0.588217 -1.69824
68.7611 -0.112686 0.587565 -1.69615
68.8462 -0.112778 0.586836 -1.69548
68.8938 -0.112869 0.586108 -1.69482
68.9412 -0.112907 0.585807 -1.69444
68.9574 -0.11295 0.585455 -1.69428
69.0042 -0.113006 0.585003 -1.69401
69.0521 -0.113062 0.584551 -1.69427
69.096 -0.113203 0.58342 -1.69443
69.1471 -0.113271 0.582868 -1.69479
69.1493 -0.113347 0.582265 -1.69509
69.195 -0.113435 0.581562 -1.69529
69.2418 -0.113516 0.580909 -1.69578
69.2879 -0.11369 0.579527 -1.69541
69.3355 -0.113781 0.578799 -1.69498
69.3453 -0.113884 0.57797 -1.69492
69.3907 -0.113991 0.577116 -1.69469
69.4352 -0.1141 0.576237 -1.69481
69.48 -0.114354 0.574203 -1.69483
69.5258 -0.114476 0.573223 -1.69517
69.547 -0.114589 0.572319 -1.69484
69.5948 -0.114711 0.57134 -1.6941
69.6398 -0.114832 0.57036 -1.69355
69.6841 -0.115052 0.568577 -1.69363
69.7269 -0.115176 0.567572 -1.69364
69.7415 -0.115291 0.566642 -1.69375
69.7868 -0.115409 0.565688 -1.69394
69.8317 -0.115533 0.564683 -1.69344
69.9091 -0.115771 0.562749 -1.69261
69.9125 -0.115894 0.561744 -1.69248
69.9416 -0.116013 0.560764 -1.69214
69.9767 -0.116133 0.559784 -1.69186
70.0579 -0.116368 0.557849 -1.69157
70.1055 -0.116584 0.556065 -1.69135
70.1513 -0.116696 0.555135 -1.69121
70.1699 -0.116821 0.554105 -1.69117
70.2147 -0.116949 0.55305 -1.69125
70.2587 -0.117088 0.551894 -1.69091
70.3035 -0.117382 0.549457 -1.69053
70.3483 -0.117533 0.5482 -1.69096
70.3688 -0.117688 0.546919 -1.69075
70.4186 -0.117845 0.545612 -1.69066
70.4629 -0.117997 0.544355 -1.6915
70.5088 -0.118305 0.541818 -1.69155
70.5521 -0.118461 0.540536 -1.69222
70.5677 -0.118617 0.539255 -1.69219
70.6162 -0.118783 0.537898 -1.69214
70.6781 -0.119106 0.535235 -1.69144
70.7237 -0.119262 0.533953 -1.69196
70.7321 -0.119419 0.532672 -1.69262
70.7754 -0.119576 0.531391 -1.69292
70.8213 -0.119739 0.530059 -1.6931
70.8676 -0.120047 0.527547 -1.69264
70.9108 -0.120207 0.526241 -1.69294
70.9302 -0.120371 0.524909 -1.69305
71.0056 -0.120701 0.522221 -1.69265
71.0513 -0.12086 0.520915 -1.69224
71.062 -0.121026 0.519558 -1.69219
71.1078 -0.121182 0.518277 -1.69254
71.1578 -0.121355 0.51687 -1.6929
71.2065 -0.121706 0.514006 -1.69253
71.2549 -0.121894 0.512473 -1.69266
71.2599 -0.122094 0.51084 -1.69237
71.3042 -0.122296 0.509182 -1.69234
71.3506 -0.122492 0.507574 -1.6921
71.3991 -0.122888 0.504308 -1.69083
71.443 -0.123086 0.502675 -1.69202
71.4585 -0.123294 0.500966 -1.69188
71.5036 -0.123492 0.499333 -1.69071
71.5509 -0.123691 0.497674 -1.69058
71.5952 -0.124102 0.494257 -1.69053
71.6415 -0.124299 0.492623 -1.69036
71.656 -0.124492 0.491015 -1.69044
71.6987 -0.124695 0.489331 -1.69127
71.7491 -0.124898 0.487648 -1.69096
71.7909 -0.125293 0.484356 -1.68981
71.8348 -0.125498 0.482647 -1.6896
71.8545 -0.125701 0.480937 -1.68908
71.8997 -0.125905 0.479228 -1.68996
71.9468 -0.126092 0.47767 -1.69066
71.9957 -0.126493 0.474354 -1.69146
72.0398 -0.126697 0.47267 -1.69182
72.0516 -0.126905 0.470962 -1.69115
72.1007 -0.1271 0.469353 -1.69168
72.143 -0.127304 0.46767 -1.69213
72.1873 -0.127697 0.464454 -1.69267
72.237 -0.127893 0.462846 -1.69229
72.251 -0.128096 0.461188 -1.69225
72.2952 -0.128299 0.45953 -1.69259
72.3398 -0.128507 0.457821 -1.69214
72.387 -0.128907 0.45453 -1.69146
72.4394 -0.129099 0.452947 -1.69229
72.4501 -0.129298 0.451314 -1.69214
72.4953 -0.129494 0.449706 -1.69092
72.5396 -0.129687 0.448097 -1.6901
72.5847 -0.130096 0.444629 -1.68596
72.6271 -0.130281 0.443019 -1.68383
72.6472 -0.130456 0.44146 -1.68095
72.6908 -0.130634 0.439824 -1.67786
72.7374 -0.130808 0.438188 -1.67505
72.7846 -0.131142 0.43489 -1.6686
72.8271 -0.131297 0.433277 -1.66508
72.8459 -0.13145 0.431639 -1.66181
72.8942 -0.131595 0.430026 -1.65928
72.9401 -0.131741 0.428361 -1.65736
72.983 -0.132019 0.425032 -1.65077
73.027 -0.132144 0.423442 -1.6473
73.0447 -0.132271 0.421751 -1.64424
73.0906 -0.132394 0.420035 -1.64025
73.1347 -0.132506 0.418393 -1.63734
73.179 -0.132713 0.415135 -1.63148
73.2242 -0.132813 0.413442 -1.62801
73.2396 -0.132907 0.411749 -1.62438
73.2825 -0.132994 0.41008 -1.62152
73.3268 -0.133071 0.408513 -1.61854
73.3919 -0.133216 0.405251 -1.61219
73.4349 -0.133282 0.403607 -1.60887
73.4397 -0.133344 0.401913 -1.60599
73.4845 -0.1334 0.400218 -1.60176
73.5269 -0.133448 0.398573 -1.5982
73.5709 -0.133532 0.395233 -1.5937
73.6151 -0.133568 0.393538 -1.58963
73.6354 -0.133595 0.391944 -1.58549
73.683 -0.133616 0.390223 -1.5808
73.7309 -0.133628 0.388527 -1.57517
73.7749 -0.133631 0.386882 -1.56999
73.775 -0.133625 0.385186 -1.56491
73.819 -0.13361 0.383515 -1.55899
73.834 -0.133586 0.381896 -1.5522
73.879 -0.133549 0.3802 -1.54559
73.9228 -0.133503 0.378581 -1.5392
73.9703 -0.133377 0.375293 -1.52671
74.0184 -0.133302 0.373726 -1.51959
74.0337 -0.133212 0.372083 -1.51205
74.0787 -0.13311 0.370441 -1.50593
74.123 -0.133 0.368825 -1.49877
74.1672 -0.13273 0.365393 -1.48657
74.2145 -0.13259 0.363779 -1.48107
74.2304 -0.132432 0.362091 -1.47449
74.2826 -0.13227 0.360479 -1.46703
74.3314 -0.131917 0.357284 -1.45454
74.3821 -0.131727 0.355701 -1.44789
74.3948 -0.13153 0.354144 -1.44158
74.4396 -0.131309 0.352488 -1.43498
74.4834 -0.131077 0.350834 -1.42832
74.527 -0.130592 0.347605 -1.41493
74.5713 -0.130328 0.345956 -1.40908
74.5936 -0.130053 0.344308 -1.40277
74.6457 -0.129765 0.342637 -1.39659
74.695 -0.129168 0.339375 -1.38311
74.7402 -0.128861 0.337785 -1.37641
74.7601 -0.128548 0.336221 -1.3708
74.8059 -0.128222 0.334634 -1.36456
74.8758 -0.127523 0.331367 -1.35578
74.9188 -0.127173 0.329786 -1.35079
74.9348 -0.126807 0.328156 -1.34811
74.9994 -0.126083 0.324998 -1.34278
75.0444 -0.125685 0.323297 -1.33904
75.0565 -0.125304 0.321697 -1.33495
75.0992 -0.12491 0.320073 -1.33114
75.1464 -0.124517 0.318476 -1.32744
75.191 -0.123705 0.315261 -1.32062
75.2347 -0.123309 0.313717 -1.31842
75.2526 -0.122882 0.312075 -1.31467
75.3004 -0.122455 0.31046 -1.30993
75.3427 -0.122008 0.308798 -1.3061
75.3873 -0.121158 0.305698 -1.30045
75.4305 -0.120709 0.304089 -1.2967
75.4523 -0.120254 0.302482 -1.29337
75.4947 -0.119808 0.300925 -1.29002
75.5397 -0.119321 0.299247 -1.28667
75.5826 -0.118836 0.297596 -1.2831
75.627 -0.117906 0.294493 -1.27695
75.6716 -0.11742 0.292895 -1.27365
75.6822 -0.116928 0.291298 -1.27089
75.727 -0.116454 0.289775 -1.26728
75.7719 -0.115967 0.28823 -1.26343
75.8235 -0.114946 0.285049 -1.25717
75.8665 -0.114437 0.283485 -1.25544
75.8802 -0.11391 0.281873 -1.25329
75.9229 -0.11341 0.280359 -1.2511
75.9666 -0.112892 0.278797 -1.24997
76.0109 -0.112373 0.277236 -1.24952
76.0552 -0.111325 0.27409 -1.24846
76.103 -0.110813 0.272554 -1.2495
76.1107 -0.110301 0.271017 -1.24983
76.1556 -0.109767 0.269407 -1.25011
76.1993 -0.109248 0.267846 -1.25012
76.2479 -0.108228 0.264771 -1.25147
76.2917 -0.107672 0.263089 -1.25226
76.3099 -0.107175 0.261574 -1.25479
76.3795 -0.106161 0.258443 -1.26056
76.4757 -0.105167 0.255307 -1.2675
76.5419 -0.104177 0.252116 -1.27266
76.6077 -0.103208 0.248918 -1.28026
76.6289 -0.102718 0.247268 -1.28384
76.7055 -0.101777 0.244036 -1.2909
76.7733 -0.100886 0.240895 -1.29836
76.8381 -0.100012 0.237723 -1.30535
76.9043 -0.0991231 0.234424 -1.31069
77.0104 -0.0982831 0.231216 -1.31795
77.0852 -0.0966757 0.224809 -1.33164
77.1011 -0.096288 0.22321 -1.33416
77.135 -0.0958933 0.221561 -1.33756
77.1804 -0.0955152 0.219959 -1.34024
77.232 -0.095141 0.218357 -1.34244
77.2763 -0.0944016 0.215125 -1.34956
77.319 -0.0940378 0.213495 -1.35301
77.332 -0.0936956 0.211937 -1.35603
77.379 -0.0933473 0.210329 -1.3589
77.4262 -0.0929887 0.208646 -1.36289
77.4732 -0.0923065 0.205375 -1.36775
77.519 -0.0919775 0.203763 -1.37121
77.5306 -0.0916393 0.202076 -1.37477
77.5746 -0.0913263 0.200487 -1.37792
77.6228 -0.0910189 0.198896 -1.38182
77.672 -0.0903965 0.195588 -1.38758
77.718 -0.090095 0.193945 -1.39104
77.7296 -0.0897948 0.192276 -1.39468
77.7805 -0.0894958 0.190581 -1.39773
77.8492 -0.0889419 0.187363 -1.40302
77.9507 -0.0884115 0.184167 -1.40992
77.9542 -0.0881552 0.182567 -1.41387
77.9655 -0.0878969 0.180917 -1.41719
77.9931 -0.0876359 0.179216 -1.42002
78.0404 -0.0873943 0.177614 -1.42209
78.0832 -0.0871606 0.176037 -1.4253
78.1302 -0.086676 0.172654 -1.43175
78.1747 -0.0864512 0.171025 -1.43569
78.1933 -0.0862317 0.169394 -1.43834
78.2454 -0.0860201 0.167788 -1.44116
78.2915 -0.0856094 0.164549 -1.44791
78.3359 -0.085404 0.162866 -1.45086
78.3565 -0.0851951 0.161106 -1.45431
78.3998 -0.0850046 0.159447 -1.45879
78.4428 -0.0848206 0.157786 -1.46199
78.4868 -0.0846525 0.156226 -1.46494
78.5422 -0.0843148 0.152953 -1.47148
78.6203 -0.0840037 0.149703 -1.47919
78.6315 -0.0838541 0.148039 -1.48312
78.6523 -0.0837076 0.14635 -1.48551
78.6856 -0.0835677 0.144685 -1.48829
78.7311 -0.0834343 0.143045 -1.49097
78.78 -0.083306 0.141405 -1.4945
78.8326 -0.083062 0.138073 -1.5013
78.875 -0.0829521 0.136457 -1.50445
78.8862 -0.0828459 0.134815 -1.50795
78.9394 -0.0827454 0.133198 -1.50954
78.9891 -0.0825484 0.129914 -1.51254
79.0498 -0.0824561 0.128322 -1.51323
79.0548 -0.0823619 0.126679 -1.51377
79.1027 -0.0822694 0.125037 -1.5153
79.149 -0.0820895 0.121701 -1.51789
79.2052 -0.0820058 0.120134 -1.51697
79.2138 -0.0819178 0.118491 -1.51769
79.263 -0.0818236 0.116721 -1.51742
79.3078 -0.0817311 0.115003 -1.51667
79.363 -0.0815555 0.111793 -1.51618
79.4157 -0.0813761 0.108482 -1.51683
79.464 -0.0812859 0.106814 -1.51665
79.4782 -0.0811975 0.105197 -1.51583
79.5246 -0.0811058 0.103529 -1.51585
79.5707 -0.0810126 0.101836 -1.51581
79.615 -0.0808237 0.0984238 -1.51476
79.6599 -0.0807347 0.0968317 -1.51522
79.6765 -0.0806445 0.0952143 -1.51484
79.7192 -0.080548 0.0934959 -1.51463
79.8091 -0.0803582 0.090211 -1.51219
79.8794 -0.0801603 0.0868505 -1.51157
79.8859 -0.0800652 0.0852334 -1.51255
79.9095 -0.079971 0.0836163 -1.51271
79.9412 -0.0798725 0.0819233 -1.51268
79.987 -0.0797756 0.0802556 -1.51285
80.0307 -0.0796788 0.0785879 -1.5128
80.1092 -0.0794806 0.0752021 -1.51202
80.1222 -0.0793825 0.0735345 -1.51205
80.1393 -0.0792864 0.0718921 -1.51264
80.1761 -0.0791905 0.0702497 -1.51237
80.2186 -0.0790972 0.0686578 -1.51212
80.2644 -0.0789978 0.0669649 -1.51212
80.3074 -0.0788017 0.0636297 -1.51242
80.351 -0.0787057 0.0619873 -1.51231
80.3693 -0.0786073 0.0602943 -1.51318
80.4167 -0.0785108 0.0586013 -1.51459
80.4598 -0.0784158 0.0569081 -1.51489
80.503 -0.0782333 0.0536482 -1.51501
80.5506 -0.0781373 0.0519297 -1.51494
80.5685 -0.0780415 0.0502112 -1.5153
80.6121 -0.0779486 0.0485433 -1.51504
80.6745 -0.0777745 0.0453843 -1.51616
80.7305 -0.0776819 0.043691 -1.51608
80.7482 -0.0775947 0.0420988 -1.51607
80.7936 -0.077506 0.0404814 -1.51604
80.8395 -0.077321 0.0370948 -1.51668
80.8838 -0.0772321 0.035452 -1.51677
80.8964 -0.0771445 0.0338345 -1.51665
80.9396 -0.0770585 0.0322422 -1.51697
80.9891 -0.0769696 0.0305994 -1.51656
81.0441 -0.0767895 0.0272886 -1.51562
81.1277 -0.0766058 0.0239527 -1.51594
81.221 -0.0764218 0.020566 -1.51716
81.2522 -0.0763359 0.0189738 -1.51663
81.2687 -0.0762524 0.0174321 -1.51675
81.274 -0.0761595 0.0157135 -1.51689
81.3341 -0.0760706 0.0140707 -1.5166
81.3796 -0.0758878 0.0107347 -1.51563
81.4229 -0.0757988 0.00911724 -1.51607
81.425 -0.0757054 0.00739865 -1.51692
81.4702 -0.0756164 0.00575586 -1.51642
81.5148 -0.0755299 0.00416364 -1.51663
81.5589 -0.0753459 0.000776997 -1.51638
81.6029 -0.0752549 -0.000891026 -1.51617
81.6234 -0.0751636 -0.00255904 -1.51615
81.6671 -0.0750755 -0.00417652 -1.5166
81.711 -0.0749829 -0.00589516 -1.51732
81.7747 -0.0748058 -0.00915543 -1.51581
81.8558 -0.0746221 -0.0124914 -1.51553
81.8638 -0.074526 -0.0142352 -1.51599
81.8867 -0.0744355 -0.0158779 -1.51553
81.92 -0.0743467 -0.0174953 -1.51633
81.9684 -0.0742552 -0.0191887 -1.51726
82.0113 -0.074164 -0.020882 -1.51669
82.0699 -0.0739863 -0.0241169 -1.51574
82.1296 -0.0738015 -0.0274782 -1.51624
82.1778 -0.0737105 -0.0291462 -1.51641
82.1894 -0.0736212 -0.030789 -1.51658
82.2424 -0.073535 -0.0323812 -1.51673
82.2913 -0.0733559 -0.0356667 -1.51623
82.3351 -0.0732627 -0.03736 -1.51538
82.3509 -0.0731714 -0.0390026 -1.51513
82.3994 -0.0730762 -0.0407211 -1.51581
82.4426 -0.0729832 -0.0424144 -1.51597
82.4874 -0.0728036 -0.0456999 -1.5168
82.5324 -0.0727174 -0.0472921 -1.51653
82.5491 -0.0726283 -0.0489349 -1.51673
82.5995 -0.0725385 -0.0505776 -1.51564
82.643 -0.0724427 -0.0523214 -1.51627
82.687 -0.0722635 -0.0556323 -1.51692
82.7323 -0.0721755 -0.0572751 -1.51766
82.7483 -0.0720894 -0.0588927 -1.51756
82.7909 -0.0720027 -0.0605103 -1.51705
82.8372 -0.0719131 -0.0621784 -1.51716
82.8886 -0.0717381 -0.0654388 -1.51719
82.9308 -0.0716486 -0.0671069 -1.51714
82.9443 -0.0715591 -0.068775 -1.51733
82.9871 -0.0714694 -0.0704684 -1.51839
83.0311 -0.0713826 -0.0721113 -1.51757
83.0843 -0.0712108 -0.0753212 -1.51731
83.1274 -0.0711197 -0.0770146 -1.51682
83.1421 -0.0710324 -0.0786321 -1.51695
83.1898 -0.0709447 -0.0802496 -1.51634
83.2395 -0.0708576 -0.0818418 -1.5159
83.2941 -0.0706821 -0.0850768 -1.51698
83.3394 -0.0705945 -0.0866943 -1.51651
83.3408 -0.0705056 -0.0883371 -1.51696
83.3837 -0.0704143 -0.0900305 -1.51682
83.4265 -0.0703203 -0.0917744 -1.51711
83.4748 -0.07014 -0.0950852 -1.51619
83.5226 -0.0700508 -0.0967279 -1.51686
83.537 -0.0699634 -0.0983455 -1.51684
83.5832 -0.0698719 -0.100039 -1.51674
83.6323 -0.0697822 -0.101682 -1.51583
83.6748 -0.0695994 -0.104967 -1.51483
83.7244 -0.0695015 -0.106711 -1.51459
83.7357 -0.069409 -0.108353 -1.51449
83.7862 -0.069314 -0.110046 -1.51497
83.8315 -0.0692262 -0.111613 -1.51464
83.8752 -0.069036 -0.114974 -1.51354
83.9186 -0.0689396 -0.116642 -1.51261
83.933 -0.0688466 -0.118234 -1.51225
83.9746 -0.0687751 -0.119446 -1.51149
84.0187 -0.0687347 -0.120129 -1.51193
84.0672 -0.0687066 -0.120609 -1.51248
84.1106 -0.0687066 -0.120609 -1.51263
84.1325 -0.0687066 -0.120609 -1.51257
84.1749 -0.0687051 -0.120634 -1.51248
84.2216 -0.0687066 -0.120609 -1.51248
84.2683 -0.0687051 -0.120634 -1.51248
84.3157 -0.0687066 -0.120609 -1.51248
84.3299 -0.0687066 -0.120609 -1.51248
84.375 -0.0687066 -0.120609 -1.51248
84.4193 -0.0687051 -0.120634 -1.51248
84.4648 -0.0687066 -0.120609 -1.51248
84.5072 -0.0687066 -0.120609 -1.51249
84.528 -0.0687066 -0.120609 -1.51248
84.5713 -0.0687066 -0.120609 -1.51249
84.6216 -0.0687066 -0.120609 -1.51248
84.671 -0.0687066 -0.120609 -1.51249
84.7196 -0.0687066 -0.120609 -1.51249
84.7257 -0.0687066 -0.120609 -1.51248
84.7715 -0.0687066 -0.120609 -1.51249
84.8148 -0.0687066 -0.120609 -1.51249
84.8586 -0.0687066 -0.120609 -1.51249
84.9121 -0.0687066 -0.120609 -1.51249
84.9546 -0.0687066 -0.120609 -1.51248
84.9603 -0.0687066 -0.120609 -1.51249
85.0065 -0.0687081 -0.120583 -1.51249
85.0554 -0.0686962 -0.120786 -1.5113
85.0985 -0.0686839 -0.120988 -1.50888
85.121 -0.0686728 -0.121165 -1.50681
85.1627 -0.0686612 -0.121341 -1.50446
85.2105 -0.0686527 -0.121468 -1.50222
85.2608 -0.0686527 -0.121468 -1.49534
85.3028 -0.0686527 -0.121468 -1.49187
85.318 -0.0686527 -0.121468 -1.48819
85.3627 -0.0686527 -0.121468 -1.48463
85.4068 -0.0686527 -0.121468 -1.48107
85.4505 -0.0686504 -0.121493 -1.47706
85.4951 -0.068648 -0.121518 -1.47071
85.5431 -0.0686454 -0.121543 -1.46699
85.5497 -0.0686454 -0.121543 -1.46402
85.5944 -0.0686481 -0.121518 -1.46066
85.6511 -0.0686481 -0.121518 -1.45351
85.6948 -0.0686511 -0.121493 -1.44991
85.7153 -0.0686511 -0.121493 -1.44633
85.7587 -0.0686511 -0.121493 -1.44272
85.8055 -0.0686511 -0.121493 -1.43916
85.855 -0.0686512 -0.121493 -1.43194
85.9027 -0.0686477 -0.121518 -1.42838
85.9134 -0.0686441 -0.121543 -1.42483
85.9593 -0.0686441 -0.121543 -1.42169
86.0034 -0.0686441 -0.121543 -1.41819
86.0494 -0.0686399 -0.121568 -1.40988
86.1014 -0.0686482 -0.121518 -1.40504
86.1115 -0.0686482 -0.121518 -1.39966
86.1694 -0.068635 -0.121593 -1.39352
86.2163 -0.0686352 -0.121593 -1.38129
86.2606 -0.06864 -0.121568 -1.37514
86.2773 -0.068635 -0.121593 -1.3692
86.3231 -0.068635 -0.121593 -1.36289
86.3666 -0.0686509 -0.121519 -1.3567
86.4112 -0.0686565 -0.121494 -1.34469
86.4546 -0.0686508 -0.121519 -1.33884
86.475 -0.0686567 -0.121494 -1.3323
86.5186 -0.0686567 -0.121494 -1.32554
86.5634 -0.0686505 -0.121518 -1.31896
86.6071 -0.0686568 -0.121494 -1.31232
86.6548 -0.0686368 -0.121567 -1.29863
86.6988 -0.0686231 -0.121616 -1.29169
86.7078 -0.0686372 -0.121567 -1.28418
86.752 -0.06863 -0.121592 -1.27783
86.7972 -0.0686226 -0.121616 -1.27119
86.843 -0.0686149 -0.12164 -1.25722
86.8868 -0.0686227 -0.121616 -1.25056
86.9059 -0.0686227 -0.121616 -1.24397
86.9513 -0.0686227 -0.121616 -1.23791
87.0161 -0.0686478 -0.121544 -1.22483
87.0664 -0.0686478 -0.121544 -1.218
87.0854 -0.068639 -0.121568 -1.21147
87.1307 -0.0686479 -0.121544 -1.20515
87.1845 -0.0686296 -0.121591 -1.19241
87.2284 -0.0686484 -0.121544 -1.18582
87.238 -0.0686484 -0.121544 -1.1796
87.2867 -0.068629 -0.121591 -1.17332
87.3318 -0.0686388 -0.121568 -1.16708
87.3798 -0.0686288 -0.121591 -1.16079
87.3799 -0.0686288 -0.121591 -1.15391
87.4237 -0.0686288 -0.121591 -1.14736
87.4346 -0.0686288 -0.121591 -1.14092
87.49 -0.0686288 -0.121591 -1.13432
87.536 -0.0686288 -0.121591 -1.11958
87.5788 -0.0686288 -0.121591 -1.11319
87.6016 -0.0686063 -0.121636 -1.10575
87.6642 -0.0686063 -0.121636 -1.09924
87.707 -0.0686065 -0.121636 -1.08535
87.7512 -0.0686065 -0.121636 -1.07806
87.7709 -0.0685944 -0.121659 -1.07077
87.8146 -0.0686066 -0.121637 -1.06439
87.8592 -0.0686066 -0.121637 -1.05796
87.9335 -0.0686443 -0.121571 -1.04534
87.9991 -0.0686703 -0.121527 -1.03223
88.0024 -0.0686703 -0.121527 -1.02607
88.0308 -0.0686703 -0.121527 -1.01993
88.0637 -0.0686703 -0.121527 -1.01314
88.1071 -0.0686434 -0.12157 -1.0063
88.1513 -0.0686298 -0.121591 -0.999725
88.1948 -0.068616 -0.121613 -0.992934
88.2397 -0.0686021 -0.121634 -0.979458
88.2843 -0.0685737 -0.121676 -0.972753
88.3066 -0.0685737 -0.121676 -0.965898
88.3505 -0.0685882 -0.121655 -0.959277
88.3956 -0.0686028 -0.121634 -0.945652
88.4395 -0.0686177 -0.121614 -0.938767
88.4615 -0.0686027 -0.121634 -0.931554
88.5067 -0.0685875 -0.121654 -0.924414
88.554 -0.0685875 -0.121654 -0.917517
88.627 -0.0686184 -0.121614 -0.904124
88.6288 -0.0686027 -0.121634 -0.89782
88.6612 -0.0686344 -0.121595 -0.89124
88.6919 -0.0686503 -0.121575 -0.885286
88.7528 -0.0686503 -0.121575 -0.879219
88.8051 -0.0686664 -0.121556 -0.8668
88.847 -0.0686335 -0.121594 -0.860029
88.8621 -0.0686169 -0.121613 -0.85345
88.9093 -0.0686169 -0.121613 -0.847422
88.9592 -0.0686339 -0.121594 -0.834635
89.0031 -0.0686168 -0.121613 -0.827794
89.0231 -0.0686168 -0.121613 -0.820868
89.067 -0.0685995 -0.121631 -0.813258
89.1109 -0.0685995 -0.121631 -0.807077
89.1593 -0.0685996 -0.121632 -0.793556
89.2026 -0.0685818 -0.12165 -0.786552
89.2201 -0.0685818 -0.12165 -0.779972
89.263 -0.0685818 -0.12165 -0.773323
89.3069 -0.0685455 -0.121685 -0.766725
89.3506 -0.0685638 -0.121667 -0.759551
89.395 -0.0685822 -0.12165 -0.746054
89.4394 -0.0686381 -0.121599 -0.739652
89.4508 -0.0686568 -0.121582 -0.733208
89.4949 -0.0686757 -0.121565 -0.727122
89.5394 -0.0686378 -0.121598 -0.720487
89.5869 -0.0686377 -0.121598 -0.707852
89.6307 -0.0686377 -0.121598 -0.701973
89.6477 -0.0686183 -0.121614 -0.695679
89.6905 -0.0685793 -0.121647 -0.688906
89.7346 -0.0685793 -0.121647 -0.681642
89.7787 -0.0685793 -0.121647 -0.67388
89.8265 -0.0685793 -0.121647 -0.657511
89.8706 -0.0686195 -0.121616 -0.648411
89.8792 -0.0686195 -0.121616 -0.638501
89.9226 -0.0686195 -0.121616 -0.628664
89.9698 -0.068599 -0.121631 -0.618926
90.0148 -0.0686197 -0.121616 -0.598555
90.0591 -0.0686197 -0.121616 -0.588513
90.0795 -0.0686197 -0.121616 -0.578608
90.1363 -0.0686197 -0.121616 -0.568813
90.1788 -0.0686195 -0.121616 -0.549184
90.2234 -0.0686195 -0.121616 -0.539843
90.2455 -0.0686195 -0.121616 -0.530603
90.2911 -0.0685977 -0.121629 -0.520848
90.3351 -0.0685977 -0.121629 -0.511248
90.3803 -0.0685754 -0.121641 -0.490668
90.4228 -0.0685754 -0.121641 -0.480689
90.4419 -0.0685304 -0.121664 -0.47017
90.4878 -0.068553 -0.121653 -0.459332
90.5306 -0.068553 -0.121653 -0.44885
90.575 -0.0685759 -0.121642 -0.438688
90.6192 -0.0686218 -0.12162 -0.418042
90.6631 -0.0686682 -0.1216 -0.408443
90.6776 -0.0686914 -0.12159 -0.398461
90.7244 -0.0686447 -0.121609 -0.387333
90.767 -0.0686681 -0.1216 -0.378303
90.8107 -0.0686446 -0.121609 -0.368476
90.8556 -0.0685971 -0.121627 -0.34811
90.8999 -0.0685971 -0.121627 -0.337944
90.9153 -0.0685971 -0.121627 -0.328564
90.9606 -0.0685971 -0.121627 -0.317108
91.0068 -0.068573 -0.121635 -0.306611
91.0577 -0.0685731 -0.121635 -0.285637
91.103 -0.0685731 -0.121635 -0.273973
91.1117 -0.0685487 -0.121642 -0.264594
91.1554 -0.0685731 -0.121635 -0.25426
91.1996 -0.0686222 -0.121623 -0.244296
91.243 -0.0686222 -0.121623 -0.235284
91.2873 -0.0686222 -0.121623 -0.215498
91.3316 -0.0685727 -0.121633 -0.20567
91.3468 -0.0685479 -0.121638 -0.195544
91.3907 -0.0685231 -0.121643 -0.185493
91.4364 -0.0684982 -0.121648 -0.175635
91.4951 -0.0685232 -0.121644 -0.154773
91.5408 -0.0685232 -0.121644 -0.144835
91.5463 -0.0684981 -0.121647 -0.134507
91.5911 -0.0684479 -0.121654 -0.124277
91.636 -0.068473 -0.121651 -0.113743
91.6883 -0.0685234 -0.121646 -0.0923579
91.7316 -0.0684982 -0.121648 -0.0829183
91.7448 -0.0685486 -0.121644 -0.0732005
91.7901 -0.0685739 -0.121642 -0.0639812
91.8358 -0.0685486 -0.121644 -0.0544547
91.8786 -0.0685739 -0.121642 -0.0443713
91.9233 -0.0685739 -0.121642 -0.0243629
91.9665 -0.0685739 -0.121642 -0.0141756
91.9806 -0.0685992 -0.121642 -0.00629869
92.0231 -0.0685992 -0.121642 -0.000452459
92.0672 -0.0686498 -0.121642 0.00169203
92.1105 -0.0686752 -0.121642 0.00205964
92.1556 -0.0686752 -0.121642 0.00208691
92.2002 -0.0686752 -0.121642 0.00208616
92.2121 -0.0686752 -0.121642 0.00208163
92.259 -0.0686752 -0.121642 0.00208253
92.3067 -0.0686752 -0.121642 0.002085
92.3509 -0.0686752 -0.121642 0.00208613
92.4067 -0.0686752 -0.121642 0.00208375
92.4125 -0.0686752 -0.121642 0.00208271
92.4545 -0.0686752 -0.121642 0.00208092
92.5469 -0.0686752 -0.121642 0.00208211
92.6179 -0.0686752 -0.121642 0.00207886
92.6555 -0.0686752 -0.121642 0.00208142
92.7498 -0.0686752 -0.121642 0.00207803
92.817 -0.0686752 -0.121642 0.00207791
92.8815 -0.0686752 -0.121642 0.00207689
92.8985 -0.0686752 -0.121642 0.00207731
92.9826 -0.0686752 -0.121642 0.00208136
93.0482 -0.0686752 -0.121642 0.00208032
93.1161 -0.0686752 -0.121642 0.00208017
93.1798 -0.0686752 -0.121642 0.00208133
93.5791 -0.0686752 -0.121642 0.00207859
93.9674 -0.0686752 -0.121642 0.0020749
93.9679 -0.0686752 -0.121642 0.00207442
93.968 -0.0686752 -0.121642 0.00207388
93.9691 -0.0686498 -0.121642 0.00275132
94.3778 -0.0687004 -0.121645 0.0572238
94.3831 -0.0687509 -0.121648 0.0695194
94.406 -0.0687509 -0.121648 0.0766692
94.4397 -0.0687761 -0.12165 0.0835742
94.4717 -0.0687761 -0.12165 0.0898166
94.5044 -0.0688013 -0.121653 0.095612
94.539 -0.0688265 -0.121655 0.102128
94.5724 -0.0688014 -0.121653 0.108481
94.6057 -0.0687762 -0.12165 0.115059
94.6392 -0.0687259 -0.121644 0.121913
94.6707 -0.0687008 -0.121641 0.127933
94.7041 -0.0687008 -0.121641 0.134408
94.7577 -0.0686757 -0.121637 0.141261
94.8026 -0.0686757 -0.121637 0.146503
94.8477 -0.0687008 -0.121641 0.150863
94.897 -0.0687008 -0.121641 0.150916
94.9034 -0.0686757 -0.121637 0.15091
94.9489 -0.0686757 -0.121637 0.150906
94.9946 -0.0686757 -0.121637 0.150907
95.0398 -0.0686757 -0.121637 0.150912
95.0826 -0.0686757 -0.121637 0.150912
95.1023 -0.0686757 -0.121637 0.150915
95.1522 -0.0686757 -0.121637 0.15091
95.1948 -0.0686757 -0.121637 0.150913
95.2396 -0.0686757 -0.121637 0.150912
95.2827 -0.0687008 -0.121641 0.150912
95.301 -0.0686757 -0.121637 0.150911
95.3429 -0.0686757 -0.121637 0.150911
95.3908 -0.0686757 -0.121637 0.150912
95.4351 -0.0686757 -0.121637 0.15091
95.4786 -0.0687008 -0.121641 0.150915
95.5002 -0.0686757 -0.121637 0.150912
95.5429 -0.0687008 -0.121641 0.150911
95.5871 -0.0687008 -0.121641 0.150909
95.6306 -0.0686757 -0.121637 0.150908
95.6842 -0.0685506 -0.121618 0.152181
95.7275 -0.0684256 -0.121599 0.153645
95.7322 -0.0682755 -0.121575 0.15553
95.7792 -0.0681255 -0.121552 0.15737
95.8229 -0.0679755 -0.121528 0.159362
95.8761 -0.0674509 -0.121442 0.163005
95.9479 -0.0667017 -0.121319 0.163236
96.0175 -0.0660274 -0.121208 0.163763
96.0629 -0.0657028 -0.121154 0.164068
96.0644 -0.0654032 -0.121104 0.164225
96.1073 -0.0650785 -0.121051 0.164243
96.1506 -0.064729 -0.120993 0.16445
96.1949 -0.0643794 -0.120935 0.164569
96.24 -0.0640548 -0.120881 0.164909
96.2401 -0.0637802 -0.120835 0.165002
96.2874 -0.0634806 -0.120785 0.165034
96.2958 -0.0632309 -0.120743 0.165093
96.3423 -0.0629313 -0.120693 0.164892
96.3867 -0.0626567 -0.120648 0.164912
96.4331 -0.0620325 -0.120544 0.164645
96.4752 -0.0617079 -0.12049 0.16464
96.4951 -0.0614332 -0.120444 0.164496
96.5396 -0.0610587 -0.120382 0.16465
96.583 -0.0607591 -0.120332 0.164445
96.6316 -0.0601598 -0.120233 0.163848
96.6751 -0.0598851 -0.120188 0.163615
96.6939 -0.0595604 -0.120134 0.163547
96.7393 -0.0591858 -0.120072 0.163602
96.7849 -0.0587863 -0.120006 0.163774
96.8306 -0.0578124 -0.119845 0.164422
96.875 -0.057338 -0.119766 0.16447
96.9084 -0.0567388 -0.119667 0.164799
96.9569 -0.0561146 -0.119563 0.164928
96.9987 -0.0547664 -0.119338 0.16534
97.0441 -0.0540424 -0.119218 0.165284
97.0591 -0.0533434 -0.119101 0.165004
97.1028 -0.0527441 -0.119001 0.164891
97.1472 -0.052045 -0.118885 0.164758
97.1907 -0.0513459 -0.118769 0.164399
97.2367 -0.0500974 -0.118562 0.164121
97.2908 -0.0494732 -0.118459 0.164327
97.2921 -0.0488489 -0.118355 0.164513
97.3346 -0.0482247 -0.118251 0.164508
97.3837 -0.0476005 -0.118148 0.16447
97.4273 -0.0462272 -0.117919 0.164895
97.471 -0.0455781 -0.117812 0.164434
97.4923 -0.0449538 -0.117708 0.164024
97.5568 -0.0442546 -0.117593 0.163662
97.5987 -0.0428811 -0.117366 0.163454
97.6426 -0.0422318 -0.117259 0.163865
97.6613 -0.0415826 -0.117151 0.164148
97.7141 -0.0408834 -0.117035 0.164549
97.7593 -0.0401593 -0.116915 0.164639
97.807 -0.0387861 -0.116686 0.165313
97.8515 -0.038137 -0.116578 0.165242
97.8775 -0.0374629 -0.116466 0.164899
97.9345 -0.0368138 -0.116358 0.164483
97.9796 -0.035565 -0.116152 0.161466
98.0243 -0.0349404 -0.116051 0.159241
98.0266 -0.0343155 -0.115952 0.15648
98.0719 -0.0336653 -0.11585 0.153604
98.1148 -0.0330148 -0.115751 0.150049
98.1589 -0.0323639 -0.115654 0.146337
98.2032 -0.030986 -0.115456 0.139042
98.2479 -0.030309 -0.115362 0.135691
98.2597 -0.0296318 -0.115271 0.132606
98.3026 -0.0289793 -0.115185 0.129166
98.3465 -0.0283266 -0.115101 0.125896
98.3947 -0.0270203 -0.11494 0.119606
98.4487 -0.0263165 -0.114857 0.116491
98.4591 -0.0256628 -0.114781 0.113524
98.5039 -0.025034 -0.11471 0.110743
98.562 -0.0235997 -0.114555 0.104213
98.6068 -0.0229199 -0.114485 0.100739
98.6264 -0.0222146 -0.114415 0.0972295
98.6754 -0.021484 -0.114345 0.0936871
98.7185 -0.0208287 -0.114285 0.0901847
98.767 -0.0201479 -0.114225 0.0853012
98.8115 -0.0200471 -0.114216 0.0836824
98.8347 -0.0200218 -0.114214 0.0835038
98.8799 -0.0200471 -0.114216 0.0835068
98.9228 -0.0200218 -0.114214 0.0835157
98.9668 -0.0200471 -0.114216 0.0835165
99.0104 -0.0200218 -0.114214 0.0835193
99.0266 -0.0200471 -0.114216 0.0835192
99.1268 -0.0200471 -0.114216 0.0835147
99.1861 -0.0200471 -0.114216 0.0835141
99.2643 -0.0200471 -0.114216 0.0835101
99.327 -0.0200218 -0.114214 0.0835116
99.3929 -0.0200218 -0.114214 0.0835123
99.4587 -0.0200471 -0.114216 0.0835121
99.4588 -0.0200218 -0.114214 0.0835139
99.5276 -0.0200218 -0.114214 0.0835097
99.5953 -0.0200471 -0.114216 0.0835151
99.6605 -0.0200471 -0.114216 0.0835136
99.7284 -0.0200218 -0.114214 0.0835187
99.7939 -0.0200471 -0.114216 0.0835165
99.9291 -0.0200471 -0.114216 0.0835156
100.828 -0.0200471 -0.114216 0.083513
100.83 -0.0196183 -0.11418 0.083036
100.837 -0.0189625 -0.114126 0.0831451
100.838 -0.0179535 -0.114042 0.0834599
100.838 -0.017096 -0.11397 0.0838513
100.841 -0.0164907 -0.113919 0.083549
100.862 -0.016188 -0.113894 0.083358
100.894 -0.0158096 -0.113862 0.0829756
100.928 -0.0152043 -0.113812 0.0826987
100.963 -0.0144728 -0.113751 0.0826686
100.994 -0.0136656 -0.113684 0.0828113
101.029 -0.0127575 -0.113609 0.0830585
101.071 -0.0117486 -0.113525 0.0831823
101.115 -0.0107649 -0.113443 0.0834161
101.16 -0.00970558 -0.113354 0.0837565
101.162 -0.0086715 -0.113267 0.0841906
101.194 -0.00758701 -0.113175 0.0844815
101.227 -0.00660343 -0.113092 0.0849555
101.259 -0.00559467 -0.113005 0.0853714
101.294 -0.0046364 -0.112923 0.0860858
101.327 -0.00367818 -0.11284 0.0865397
101.36 -0.00266951 -0.112753 0.0860144
101.394 -0.00171128 -0.11267 0.0863326
101.428 -0.000753048 -0.112587 0.0862251
101.461 0.000205194 -0.112505 0.08602
101.494 0.00111299 -0.112426 0.0865506
101.526 0.0017938 -0.112367 0.0870701
101.561 0.00219724 -0.112332 0.0870778
101.593 0.00242417 -0.112312 0.0869986
101.627 0.00242417 -0.112312 0.0869882
101.661 0.00244939 -0.11231 0.0869819
101.693 0.00244939 -0.11231 0.0869726
101.727 0.00244939 -0.11231 0.086985
101.761 0.00242417 -0.112312 0.0869862
101.794 0.00242417 -0.112312 0.0869828
101.827 0.00244939 -0.11231 0.0869841
101.86 0.00244939 -0.11231 0.0869823
101.892 0.00244939 -0.11231 0.0869832
101.927 0.00244939 -0.11231 0.086981
101.96 0.00244939 -0.11231 0.0869792
101.993 0.00242417 -0.112312 0.0869768
102.028 0.00242417 -0.112312 0.0869762
102.06 0.00244939 -0.11231 0.08698
102.092 0.00244939 -0.11231 0.0869765
102.126 0.00244939 -0.11231 0.0869732
102.161 0.00244939 -0.11231 0.0869716
102.193 0.00244939 -0.11231 0.0869679
102.228 0.00242417 -0.112312 0.0869664
102.261 0.00244939 -0.11231 0.0869675
102.293 0.00244939 -0.11231 0.0869671
102.326 0.00242417 -0.112312 0.086968
102.361 0.00244939 -0.11231 0.0869691
102.394 0.00242417 -0.112312 0.086967
102.427 0.00244939 -0.11231 0.0869668
102.464 0.00244939 -0.11231 0.0869672
102.496 0.00242417 -0.112312 0.0869659
102.528 0.00244939 -0.11231 0.0869687
102.562 0.00244939 -0.11231 0.0869662
102.595 0.00244939 -0.11231 0.0869674
102.627 0.00244939 -0.11231 0.0869664
102.66 0.00244939 -0.11231 0.0869638
102.693 0.00242417 -0.112312 0.0869628
102.727 0.00244939 -0.11231 0.0869623
102.759 0.00244939 -0.11231 0.0869632
102.794 0.00244939 -0.11231 0.0869609
102.827 0.00242417 -0.112312 0.0869583
102.86 0.00242417 -0.112312 0.0869556
102.902 0.00244939 -0.11231 0.0869524
102.936 0.00244939 -0.11231 0.0869534
102.966 0.00242417 -0.112312 0.0869539
102.996 0.00244939 -0.11231 0.0869533
103.025 0.00242417 -0.112312 0.0869524
103.058 0.00244939 -0.11231 0.0869518
103.092 0.00244939 -0.11231 0.0869509
103.125 0.00242417 -0.112312 0.0869494
103.159 0.00242417 -0.112312 0.0869487
103.204 0.00242417 -0.112312 0.0869489
103.247 0.00244939 -0.11231 0.0869481
103.293 0.00244939 -0.11231 0.0869445
103.34 0.00244939 -0.11231 0.086946
103.358 0.00242417 -0.112312 0.0869473
103.408 0.00244939 -0.11231 0.0869458
103.451 0.00242417 -0.112312 0.0869474
103.496 0.00244939 -0.11231 0.0869445
103.54 0.00242417 -0.112312 0.0869468
103.559 0.00244939 -0.11231 0.0869461
103.604 0.00242417 -0.112312 0.0869475
103.647 0.00244939 -0.11231 0.0869463
103.693 0.00244939 -0.11231 0.0869466
103.736 0.00244939 -0.11231 0.0869486
103.785 0.00244939 -0.11231 0.0869491
103.797 0.00244939 -0.11231 0.086947
103.84 0.00242417 -0.112312 0.0869475
103.883 0.00244939 -0.11231 0.0869461
103.93 0.00244939 -0.11231 0.0869408
103.976 0.00244939 -0.11231 0.0869418
103.994 0.00244939 -0.11231 0.0869409
104.04 0.00244939 -0.11231 0.0869407
104.087 0.00244939 -0.11231 0.0869388
104.132 0.00244939 -0.11231 0.0869406
104.18 0.00244939 -0.11231 0.08694
104.192 0.00242417 -0.112312 0.0869402
104.237 0.00242417 -0.112312 0.0869412
104.287 0.00244939 -0.11231 0.0869397
104.331 0.00244939 -0.11231 0.0869374
104.378 0.00244939 -0.11231 0.08694
104.392 0.00244939 -0.11231 0.0869399
104.435 0.00244939 -0.11231 0.0869407
104.495 0.00242417 -0.112312 0.0869374
104.54 0.00242417 -0.112312 0.0869374
104.559 0.00244939 -0.11231 0.086935
104.603 0.00242417 -0.112312 0.0869347
104.649 0.00244939 -0.11231 0.0869328
104.697 0.00242417 -0.112312 0.0869304
104.794 0.00242417 -0.112312 0.0869338
104.86 0.00244939 -0.11231 0.0869319
104.926 0.00244939 -0.11231 0.0869289
104.949 0.00244939 -0.11231 0.0869287
105.026 0.00242417 -0.112312 0.0869278
105.092 0.00242417 -0.112312 0.0869287
105.159 0.00244939 -0.11231 0.0869266
105.229 0.00244939 -0.11231 0.0869257
105.293 0.00244939 -0.11231 0.0869286
105.359 0.00244939 -0.11231 0.0869279
105.425 0.00244939 -0.11231 0.0869264
