0.245199 539 1691
0.282887 539 1691
0.324281 539 1691
0.345334 539 1691
0.393873 539 1691
0.407766 538 1691
0.442291 539 1691
0.474413 539 1691
0.508888 539 1692
0.539835 538 1692
0.585131 538 1691
0.607559 538 1692
0.655819 539 1691
0.672771 539 1691
0.705062 539 1692
0.74594 538 1692
0.771713 539 1691
0.806743 539 1692
0.849282 539 1692
0.907367 539 1692
0.907441 538 1692
0.949881 538 1692
0.975626 539 1692
1.01002 539 1692
1.04464 539 1691
1.07586 538 1692
1.10979 538 1692
1.13592 539 1692
1.16801 538 1691
1.2121 539 1691
1.27101 538 1692
1.27256 538 1692
1.29891 539 1692
1.3339 538 1692
1.37336 539 1691
1.39985 538 1692
1.43071 538 1692
1.46936 539 1692
1.49919 539 1691
1.54164 538 1691
1.56817 539 1691
1.59897 539 1692
1.66598 539 1692
1.67213 539 1692
1.70267 539 1692
1.75068 539 1691
1.76861 538 1691
1.80145 539 1692
1.84553 539 1691
1.88854 538 1692
1.9043 539 1692
1.93277 539 1692
1.96345 539 1691
2.02549 539 1692
2.03285 539 1692
2.05886 539 1692
2.11128 539 1692
2.12527 539 1692
2.15808 539 1692
2.19107 538 1692
2.22397 539 1692
2.25872 539 1691
2.29619 539 1692
2.32266 539 1691
2.36474 539 1692
2.39818 539 1691
2.44365 539 1692
2.45504 539 1692
2.48882 539 1691
2.5247 539 1691
2.56004 539 1692
2.58847 538 1692
2.62738 539 1692
2.65278 538 1691
2.68844 539 1692
2.72325 538 1692
2.7849 538 1691
2.78799 539 1692
2.81703 538 1691
2.85729 539 1692
2.88462 538 1692
2.91816 538 1692
2.95172 539 1692
2.98722 539 1691
3.0151 539 1692
3.04767 538 1692
3.08156 539 1692
3.11451 538 1692
3.14714 539 1691
3.18822 539 1692
3.21847 539 1691
3.24695 538 1691
3.2791 538 1692
3.31241 539 1692
3.34581 538 1691
3.41806 539 1691
3.44892 539 1692
3.48258 538 1691
3.52427 539 1692
3.54822 539 1691
3.57857 539 1692
3.61225 539 1691
3.64572 539 1692
3.67931 538 1692
3.70822 539 1692
3.74779 539 1692
3.77579 538 1692
3.80928 539 1691
3.84114 539 1691
3.87353 538 1691
3.91032 539 1691
3.94049 539 1691
3.97271 539 1692
4.01777 538 1692
4.07245 538 1692
4.11487 539 1692
4.14082 538 1691
4.18692 539 1692
4.20335 538 1692
4.2375 539 1692
4.27066 538 1691
4.31019 539 1691
4.35659 538 1692
4.38607 539 1692
4.40543 539 1692
4.44337 539 1692
4.47922 539 1691
4.50337 539 1691
4.54153 538 1692
4.57074 539 1692
4.63003 539 1692
4.63241 539 1691
4.66877 539 1692
4.7015 538 1691
4.73196 538 1691
4.76631 538 1692
4.80826 539 1691
4.83048 539 1692
4.86392 539 1692
4.89777 539 1691
4.93735 538 1692
4.96256 538 1692
4.9957 539 1692
5.02899 538 1692
5.06155 538 1692
5.09635 539 1691
5.1276 539 1692
5.16552 539 1691
5.20092 539 1691
5.23084 539 1692
5.26569 539 1692
5.30003 539 1691
5.33229 539 1692
5.36664 539 1692
5.39719 538 1691
5.42986 538 1692
5.46301 539 1691
5.49685 539 1691
5.52953 539 1692
5.56263 539 1692
5.59545 539 1691
5.62861 539 1692
5.66094 539 1692
5.6948 538 1692
5.72757 538 1692
5.76085 539 1691
5.7965 539 1691
5.83127 539 1692
5.86118 539 1691
5.89295 538 1692
5.9275 539 1691
5.96041 540 1692
5.99148 545 1695
6.02636 552 1703
6.06644 558 1711
6.09369 564 1718
6.12571 571 1726
6.15929 577 1733
6.19018 584 1740
6.22574 591 1746
6.25609 597 1751
6.28887 604 1757
6.32205 613 1763
6.35515 619 1769
6.38827 626 1775
6.422 633 1781
6.45343 639 1788
6.4882 646 1794
6.52048 652 1800
6.5537 659 1806
6.58516 665 1812
6.6184 672 1819
6.65152 679 1826
6.68453 685 1833
6.71861 691 1841
6.75035 697 1848
6.78423 703 1855
6.81945 711 1860
6.85351 716 1867
6.88862 724 1873
6.92155 730 1880
6.94885 737 1887
6.98338 745 1896
7.01658 754 1905
7.04766 763 1914
7.08197 773 1923
7.1138 784 1934
7.15004 796 1947
7.18014 809 1960
7.21389 822 1973
7.24744 833 1986
7.27834 846 2000
7.3117 859 2014
7.34526 873 2028
7.38009 886 2041
7.41146 900 2053
7.44459 914 2065
7.47733 928 2078
7.50993 941 2091
7.54348 956 2103
7.57628 970 2117
7.61085 983 2131
7.64512 996 2145
7.68051 1008 2159
7.71491 1020 2173
7.74493 1034 2188
7.77443 1047 2201
7.8076 1058 2215
7.84394 1071 2228
7.87332 1084 2241
7.9062 1096 2255
7.9386 1110 2268
7.97157 1124 2281
8.00524 1137 2295
8.03833 1150 2307
8.07141 1163 2320
8.10484 1176 2333
8.1368 1190 2346
8.17055 1204 2359
8.20411 1217 2372
8.23646 1231 2384
8.26863 1245 2398
8.30194 1258 2412
8.3354 1271 2425
8.3685 1284 2439
8.4036 1297 2453
8.43646 1309 2466
8.47247 1322 2481
8.50728 1335 2495
8.5358 1347 2508
8.56616 1360 2521
8.59897 1374 2533
8.6318 1386 2546
8.66459 1400 2557
8.69788 1413 2570
8.73109 1426 2582
8.76533 1440 2595
8.79737 1453 2608
8.8305 1466 2621
8.87035 1479 2635
8.89566 1493 2648
8.92992 1506 2662
8.96211 1519 2675
8.99492 1533 2689
9.0286 1545 2703
9.06137 1559 2716
9.0957 1570 2728
9.1264 1583 2741
9.16049 1596 2756
9.19802 1609 2769
9.22781 1622 2782
9.26277 1634 2797
9.30059 1647 2810
9.32742 1661 2822
9.35783 1674 2834
9.39098 1687 2847
9.42372 1700 2858
9.45745 1713 2871
9.4898 1726 2884
9.52285 1740 2896
9.55659 1753 2910
9.5889 1767 2923
9.62202 1781 2939
9.65608 1796 2954
9.68891 1810 2971
9.72117 1826 2987
9.7545 1843 3005
9.78754 1860 3026
9.82053 1879 3043
9.85309 1899 3061
9.89149 1918 3080
9.91926 1938 3098
9.9526 1958 3117
9.98708 1978 3136
10.0195 1996 3155
10.0543 2016 3175
10.0934 2036 3194
10.1228 2055 3213
10.1536 2074 3232
10.1833 2094 3252
10.2159 2113 3273
10.2502 2131 3293
10.2825 2149 3312
10.3155 2169 3331
10.3485 2188 3348
10.3808 2208 3366
10.4146 2228 3385
10.4773 2248 3404
10.481 2267 3424
10.5128 2285 3444
10.546 2305 3463
10.5789 2324 3484
10.6123 2342 3502
10.6457 2361 3521
10.6787 2381 3541
10.7113 2399 3559
10.7443 2419 3579
10.7782 2437 3599
10.8121 2457 3616
10.8441 2475 3635
10.8894 2494 3653
10.9111 2516 3672
10.9452 2534 3692
10.9797 2553 3712
11.0193 2572 3732
11.0455 2590 3751
11.0753 2611 3771
11.1084 2629 3791
11.1484 2649 3811
11.174 2670 3830
11.2064 2688 3848
11.2392 2706 3866
11.2718 2728 3887
11.307 2747 3906
11.3383 2766 3925
11.3713 2786 3945
11.4047 2807 3966
11.4613 2826 3985
11.4701 2846 4006
11.5035 2865 4026
11.5378 2885 4046
11.5697 2903 4065
11.6039 2922 4084
11.6357 2943 4104
11.6764 2962 4122
11.7032 2983 4142
11.7557 3002 4160
11.7692 3022 4179
11.8104 3043 4199
11.8377 3062 4219
11.8716 3083 4239
11.9068 3101 4260
11.9393 3120 4281
11.9683 3140 4301
11.9995 3159 4322
12.0313 3178 4340
12.0674 3197 4358
12.0996 3218 4377
12.1317 3238 4398
12.1632 3258 4416
12.1968 3276 4436
12.2303 3296 4456
12.265 3316 4474
12.2957 3335 4493
12.3431 3354 4513
12.3629 3375 4535
12.3966 3393 4556
12.4471 3412 4576
12.4631 3430 4595
12.4952 3450 4613
12.53 3470 4631
12.5625 3491 4648
12.5964 3512 4666
12.6285 3531 4686
12.6692 3550 4705
12.6989 3567 4725
12.7324 3586 4745
12.7644 3606 4766
12.795 3625 4786
12.8275 3643 4805
12.8609 3663 4824
12.8938 3683 4844
12.9259 3701 4864
12.9633 3719 4882
12.9931 3739 4900
13.0277 3761 4920
13.0658 3783 4939
13.0947 3803 4957
13.1292 3821 4977
13.1637 3840 4997
13.1974 3858 5017
13.2255 3876 5037
13.2612 3896 5058
13.2953 3915 5078
13.3269 3937 5096
13.3635 3956 5114
13.3923 3975 5133
13.4248 3994 5152
13.4648 4015 5171
13.4991 4034 5190
13.5322 4054 5208
13.5636 4075 5228
13.5986 4096 5249
13.6278 4114 5269
13.6611 4132 5289
13.7035 4154 5309
13.7294 4172 5329
13.7624 4190 5349
13.7947 4210 5368
13.8305 4232 5388
13.8639 4251 5406
13.9086 4271 5425
13.9274 4292 5444
13.9744 4312 5462
13.9976 4334 5482
14.0342 4352 5502
14.062 4372 5523
14.1024 4391 5544
14.1348 4410 5564
14.1627 4428 5583
14.1966 4447 5602
14.2327 4467 5623
14.2682 4486 5642
14.2999 4506 5660
14.3338 4525 5678
14.3779 4546 5698
14.4044 4566 5717
14.4386 4586 5736
14.4742 4605 5754
14.5006 4625 5774
14.5325 4645 5796
14.5644 4663 5816
14.6039 4682 5836
14.6395 4701 5858
14.6665 4721 5877
14.7039 4741 5894
14.7324 4761 5912
14.7686 4783 5933
14.8008 4802 5952
14.8334 4821 5971
14.8655 4840 5992
14.8983 4859 6012
14.938 4879 6035
14.9672 4900 6052
15.0035 4919 6073
15.0358 4939 6096
15.0695 4957 6115
15.1025 4977 6136
15.1343 4997 6155
15.1683 5017 6172
15.2038 5037 6193
15.2407 5061 6213
15.2682 5080 6231
15.3015 5100 6250
15.3355 5121 6271
15.3689 5139 6291
15.4082 5157 6312
15.4416 5177 6334
15.4698 5196 6354
15.5241 5216 6374
15.5396 5236 6394
15.5745 5255 6413
15.6096 5275 6432
15.6421 5294 6451
15.68 5314 6469
15.706 5335 6490
15.7403 5355 6512
15.7712 5375 6531
15.8045 5394 6550
15.84 5414 6571
15.8726 5433 6590
15.9052 5451 6610
15.9408 5472 6632
15.9737 5491 6651
16.0092 5510 6669
16.0488 5531 6688
16.0747 5550 6706
16.1065 5570 6725
16.1429 5591 6746
16.1753 5610 6763
16.2092 5628 6784
16.2414 5648 6804
16.2757 5668 6826
16.3121 5685 6847
16.3427 5705 6866
16.3779 5725 6886
16.4103 5744 6904
16.4449 5763 6922
16.4779 5784 6943
16.5112 5802 6963
16.5477 5821 6982
16.5777 5841 7001
16.6119 5862 7020
16.6492 5881 7040
16.678 5902 7059
16.7132 5921 7082
16.7457 5938 7101
16.7855 5958 7122
16.8156 5978 7143
16.8547 5997 7160
16.8843 6018 7179
16.9153 6039 7198
16.9487 6059 7216
16.9819 6077 7234
17.0158 6098 7256
17.0497 6116 7275
17.0828 6135 7295
17.1179 6156 7316
17.1512 6176 7334
17.1852 6195 7354
17.218 6215 7375
17.2528 6233 7394
17.2847 6251 7414
17.3177 6271 7433
17.353 6291 7453
17.3856 6310 7471
17.4192 6330 7490
17.4558 6352 7510
17.4876 6371 7528
17.5196 6391 7548
17.5529 6409 7568
17.5947 6430 7590
17.6246 6447 7609
17.6577 6467 7629
17.6927 6489 7651
17.722 6507 7669
17.7541 6526 7688
17.7889 6547 7708
17.823 6564 7726
17.8552 6584 7745
17.8905 6605 7766
17.9245 6624 7785
17.9571 6644 7804
17.9923 6664 7825
18.024 6683 7845
18.0576 6703 7864
18.0906 6721 7884
18.1256 6741 7906
18.1586 6762 7925
18.1911 6780 7943
18.2263 6801 7963
18.2605 6821 7982
18.2926 6840 8001
18.3275 6862 8021
18.3604 6881 8041
18.396 6901 8060
18.4333 6922 8082
18.4635 6941 8103
18.4944 6961 8123
18.5287 6982 8144
18.5635 7000 8161
18.5955 7021 8180
18.6313 7042 8201
18.6644 7061 8219
18.6977 7082 8239
18.7329 7102 8260
18.7647 7123 8278
18.8001 7143 8297
18.8327 7164 8319
18.8651 7185 8338
18.9001 7204 8359
18.9336 7223 8382
18.9665 7242 8402
18.9999 7260 8423
19.0351 7282 8442
19.0679 7301 8460
19.1004 7321 8479
19.1338 7342 8498
19.1706 7362 8519
19.2036 7381 8539
19.2376 7400 8557
19.2746 7420 8579
19.3039 7440 8598
19.3362 7459 8618
19.3711 7480 8640
19.4052 7498 8660
19.4379 7517 8679
19.4719 7538 8700
19.505 7557 8719
19.5378 7575 8736
19.5742 7600 8756
19.6052 7620 8774
19.6392 7639 8793
19.6736 7658 8814
19.7078 7676 8834
19.7393 7695 8854
19.7722 7712 8873
19.8072 7733 8895
19.8404 7753 8913
19.8743 7772 8933
19.9066 7790 8952
19.942 7812 8973
19.9748 7830 8991
20.0128 7850 9009
20.0525 7872 9029
20.081 7893 9049
20.1148 7915 9070
20.143 7933 9089
20.1774 7951 9110
20.2097 7970 9129
20.2452 7989 9150
20.2776 8008 9170
20.3101 8028 9188
20.344 8049 9207
20.378 8069 9227
20.4113 8089 9245
20.4774 8107 9262
20.4822 8129 9283
20.5125 8148 9302
20.5452 8167 9320
20.5777 8187 9341
20.6135 8207 9362
20.6469 8225 9383
20.6798 8245 9402
20.7132 8262 9421
20.7479 8284 9441
20.7814 8303 9460
20.8163 8323 9479
20.8523 8345 9499
20.8829 8363 9519
20.9145 8384 9537
20.9504 8404 9556
20.9833 8425 9575
21.0206 8446 9594
21.0541 8465 9614
21.081 8483 9635
21.1134 8501 9655
21.1502 8521 9677
21.1833 8540 9695
21.2144 8559 9714
21.2509 8580 9734
21.2855 8600 9753
21.317 8619 9771
21.3553 8638 9789
21.3837 8657 9809
21.4192 8678 9830
21.4506 8697 9848
21.4822 8717 9868
21.5208 8738 9890
21.5537 8756 9910
21.5856 8774 9929
21.6231 8793 9950
21.655 8813 9969
21.6908 8832 9988
21.7391 8853 10008
21.7734 8875 10026
21.785 8894 10045
21.8173 8913 10063
21.8525 8934 10085
21.8872 8954 10105
21.9194 8974 10125
21.9539 8993 10145
21.9848 9012 10166
22.0174 9031 10187
22.0516 9049 10206
22.0843 9069 10227
22.116 9089 10246
22.1494 9109 10265
22.1815 9127 10284
22.2158 9149 10303
22.248 9169 10324
22.2815 9189 10342
22.3161 9208 10361
22.3466 9227 10381
22.3841 9247 10402
22.4146 9264 10422
22.4489 9284 10442
22.4866 9303 10463
22.5141 9322 10484
22.5452 9341 10501
22.5777 9360 10520
22.6126 9380 10538
22.6464 9401 10556
22.6771 9420 10575
22.7104 9440 10596
22.7425 9460 10616
22.7756 9478 10635
22.8092 9497 10656
22.8423 9516 10675
22.8743 9535 10695
22.9092 9554 10713
22.9436 9573 10734
22.9735 9592 10753
23.007 9611 10772
23.0404 9629 10789
23.0749 9649 10809
23.1066 9670 10828
23.1387 9689 10846
23.1726 9709 10864
23.2068 9729 10885
23.2397 9748 10906
23.2734 9766 10925
23.3063 9784 10947
23.3379 9804 10967
23.372 9823 10985
23.4081 9842 11002
23.437 9863 11021
23.4706 9883 11040
23.504 9900 11060
23.5365 9919 11079
23.5701 9938 11098
23.6025 9957 11117
23.6366 9977 11136
23.6697 9996 11155
23.708 10015 11175
23.7389 10033 11195
23.7689 10051 11216
23.8017 10070 11236
23.8343 10090 11255
23.8676 10109 11274
23.9009 10129 11292
23.9336 10150 11309
23.9682 10170 11330
24.0012 10190 11349
24.0349 10208 11368
24.0711 10228 11388
24.1069 10248 11408
24.1353 10267 11427
24.1661 10286 11446
24.1987 10307 11467
24.2325 10324 11487
24.2656 10343 11506
24.3062 10363 11526
24.3329 10381 11544
24.3648 10401 11562
24.3987 10420 11582
24.4319 10440 11602
24.4659 10461 11619
24.4979 10480 11639
24.534 10499 11659
24.5658 10519 11679
24.5986 10536 11699
24.6312 10555 11719
24.6646 10575 11739
24.6998 10594 11758
24.7317 10613 11776
24.7649 10633 11795
24.7972 10652 11813
24.8309 10672 11832
24.8652 10691 11852
24.9003 10711 11870
24.931 10730 11889
24.9661 10749 11910
24.9957 10767 11930
25.0295 10787 11950
25.0633 10806 11972
25.0974 10826 11989
25.1306 10845 12009
25.164 10865 12028
25.1966 10884 12047
25.2298 10903 12067
25.2647 10925 12086
25.2987 10945 12105
25.3292 10964 12123
25.3625 10986 12144
25.3955 11005 12164
25.43 11023 12185
25.4626 11043 12206
25.4957 11063 12228
25.531 11081 12247
25.5625 11102 12263
25.5955 11123 12282
25.63 11143 12300
25.664 11162 12319
25.6987 11182 12339
25.7322 11202 12360
25.7635 11221 12379
25.7947 11242 12399
25.8298 11262 12419
25.8656 11282 12438
25.8954 11302 12459
25.9305 11320 12481
25.962 11340 12501
25.9966 11359 12522
26.0295 11379 12540
26.0624 11398 12559
26.0969 11419 12579
26.1313 11440 12598
26.1634 11460 12617
26.1969 11479 12638
26.2348 11498 12657
26.2914 11517 12677
26.2987 11536 12697
26.3323 11556 12718
26.3637 11576 12737
26.3968 11594 12758
26.43 11614 12776
26.4639 11633 12796
26.5088 11653 12815
26.5302 11673 12832
26.5725 11694 12851
26.6001 11714 12871
26.6454 11735 12890
26.6649 11752 12909
26.7097 11771 12929
26.7364 11791 12949
26.7699 11808 12968
26.8087 11828 12988
26.837 11847 13009
26.8639 11866 13029
26.8961 11886 13048
26.9298 11906 13067
26.9626 11926 13085
26.9958 11947 13103
27.029 11966 13122
27.0633 11988 13142
27.0957 12007 13162
27.1297 12025 13182
27.1634 12044 13204
27.1969 12064 13222
27.2296 12081 13241
27.2636 12102 13262
27.2994 12122 13280
27.3299 12142 13300
27.3633 12161 13318
27.3959 12179 13338
27.4301 12200 13356
27.4622 12220 13374
27.4957 12239 13393
27.5305 12260 13411
27.5685 12280 13431
27.599 12298 13452
27.6333 12317 13472
27.6708 12336 13493
27.7013 12355 13513
27.7359 12374 13532
27.7665 12394 13551
27.7956 12415 13569
27.8295 12435 13588
27.8624 12454 13609
27.8962 12474 13628
27.9297 12494 13647
27.9621 12514 13665
27.9951 12535 13683
28.0301 12555 13703
28.0636 12574 13724
28.0957 12591 13744
28.1297 12610 13764
28.1663 12629 13785
28.1969 12647 13805
28.2299 12667 13825
28.2623 12688 13845
28.2969 12708 13861
28.3302 12727 13879
28.3628 12747 13899
28.3963 12766 13918
28.4301 12787 13937
28.4644 12806 13956
28.5 12825 13977
28.5337 12845 13998
28.5647 12863 14017
28.5968 12881 14038
28.6307 12902 14057
28.6638 12921 14077
28.6965 12940 14095
28.7329 12960 14115
28.7644 12980 14135
28.7964 13001 14153
28.833 13020 14172
28.8636 13040 14193
28.8971 13060 14213
28.9299 13078 14233
28.9656 13099 14254
28.9969 13119 14275
29.0292 13137 14296
29.0638 13157 14315
29.0976 13177 14334
29.1297 13197 14353
29.166 13218 14372
29.1969 13239 14391
29.2313 13259 14410
29.2657 13279 14430
29.3032 13298 14450
29.3349 13318 14472
29.3646 13337 14491
29.3968 13355 14510
29.4308 13375 14530
29.4636 13395 14552
29.4973 13413 14572
29.5303 13433 14592
29.5644 13452 14611
29.5986 13472 14630
29.63 13493 14649
29.6641 13513 14667
29.6972 13535 14686
29.7294 13554 14708
29.7641 13573 14728
29.7973 13591 14748
29.8402 13610 14768
29.8644 13629 14788
29.8973 13649 14807
29.9303 13669 14827
29.9755 13689 14845
29.9966 13706 14863
30.0295 13718 14876
30.0646 13727 14883
30.0998 13731 14887
30.1337 13731 14887
30.1667 13731 14887
30.1982 13731 14887
30.2303 13731 14887
30.269 13731 14887
30.2984 13731 14887
30.3302 13731 14887
30.3631 13732 14887
30.3966 13731 14887
30.4301 13731 14887
30.463 13732 14887
30.4973 13731 14887
30.5304 13731 14887
30.5631 13731 14887
30.5998 13731 14887
30.6312 13731 14887
30.6658 13731 14887
30.7023 13731 14887
30.7324 13731 14887
30.7635 13731 14887
30.7978 13731 14887
30.83 13731 14887
30.8632 13731 14887
30.8983 13731 14887
30.9319 13731 14887
30.9626 13731 14887
30.9971 13732 14887
31.0299 13732 14887
31.0632 13731 14887
31.0968 13731 14887
31.1303 13731 14887
31.1634 13731 14887
31.1954 13731 14887
31.2296 13731 14887
31.265 13731 14887
31.296 13731 14887
31.3302 13731 14887
31.3628 13731 14887
31.3965 13731 14887
31.4295 13731 14887
31.4649 13731 14887
31.498 13731 14887
31.53 13731 14887
31.5637 13731 14887
31.6003 13731 14887
31.6286 13731 14887
31.6638 13731 14887
31.7028 13731 14887
31.7742 13732 14887
31.7817 13731 14887
31.7959 13731 14887
31.8295 13731 14887
31.8626 13731 14887
31.8965 13732 14887
31.931 13731 14887
31.9645 13731 14887
31.9971 13731 14887
32.0304 13731 14887
32.0637 13731 14887
32.0972 13731 14887
32.1287 13731 14887
32.163 13731 14887
32.1958 13731 14887
32.2289 13731 14887
32.2635 13731 14887
32.2982 13732 14886
32.3443 13731 14887
32.3636 13731 14887
32.3967 13731 14887
32.4287 13731 14887
32.4633 13731 14887
32.5009 13731 14887
32.5356 13731 14887
32.5694 13731 14887
32.6003 13732 14887
32.6303 13731 14887
32.6636 13731 14887
32.6959 13731 14887
32.7294 13732 14887
32.764 13731 14887
32.7962 13731 14887
32.8294 13731 14887
32.8643 13731 14887
32.8971 13731 14887
32.9353 13731 14887
32.9631 13731 14887
32.997 13731 14887
33.0336 13732 14887
33.0634 13731 14887
33.097 13731 14887
33.1367 13731 14887
33.1647 13731 14887
33.2064 13731 14887
33.2296 13731 14887
33.2626 13731 14887
33.3107 13731 14887
33.3455 13731 14887
33.3776 13731 14887
33.405 13731 14887
33.4349 13731 14887
33.4642 13731 14887
33.497 13731 14887
33.5304 13731 14887
33.5622 13731 14887
33.597 13731 14887
33.6293 13731 14887
33.662 13731 14887
33.6965 13730 14887
33.7301 13726 14886
33.7623 13720 14881
33.7981 13714 14875
33.8292 13708 14869
33.8623 13702 14862
33.8966 13696 14856
33.9294 13689 14849
33.9622 13682 14842
33.9968 13675 14836
34.0295 13667 14829
34.0639 13662 14824
34.099 13655 14819
34.1347 13649 14812
34.1674 13643 14806
34.1989 13636 14801
34.23 13629 14794
34.2636 13621 14788
34.2959 13615 14781
34.3325 13608 14775
34.3646 13601 14768
34.3971 13595 14762
34.431 13588 14755
34.4673 13583 14749
34.4971 13578 14742
34.5309 13571 14735
34.5641 13565 14728
34.5981 13558 14720
34.6347 13549 14711
34.6641 13540 14702
34.6972 13531 14691
34.731 13520 14678
34.7642 13507 14665
34.7997 13494 14652
34.8318 13481 14640
34.8638 13468 14627
34.9006 13454 14614
34.9352 13440 14600
34.9692 13427 14587
34.9982 13414 14573
35.0311 13401 14560
35.063 13388 14547
35.0978 13374 14533
35.1308 13360 14520
35.1633 13347 14508
35.1972 13334 14494
35.231 13321 14482
35.2721 13307 14468
35.2986 13295 14455
35.3558 13282 14442
35.3762 13270 14428
35.3976 13257 14413
35.431 13244 14399
35.4636 13230 14386
35.4977 13217 14372
35.5304 13203 14358
35.5646 13189 14345
35.5978 13174 14331
35.6315 13161 14317
35.6645 13147 14305
35.6988 13134 14292
35.7369 13120 14280
35.7704 13107 14266
35.801 13093 14252
35.8316 13079 14238
35.8651 13065 14225
35.9022 13053 14211
35.9311 13040 14198
35.9642 13026 14184
36.0198 13013 14170
36.0361 13002 14156
36.065 12989 14142
36.0977 12975 14129
36.131 12962 14114
36.1647 12949 14099
36.1972 12935 14086
36.232 12922 14073
36.2653 12908 14061
36.2975 12893 14048
36.334 12879 14035
36.3647 12866 14023
36.3982 12852 14010
36.431 12839 13997
36.4644 12826 13982
36.4994 12812 13969
36.5324 12799 13956
36.5669 12787 13942
36.5996 12774 13929
36.6314 12762 13916
36.6654 12748 13902
36.6979 12735 13888
36.7318 12723 13874
36.7654 12709 13861
36.7979 12695 13848
36.8311 12682 13834
36.8647 12668 13821
36.8981 12655 13809
36.9308 12641 13796
36.9644 12629 13784
36.9992 12616 13772
37.0309 12601 13759
37.0657 12588 13746
37.0983 12575 13732
37.1317 12561 13718
37.1644 12549 13706
37.2047 12536 13691
37.2305 12523 13677
37.2673 12510 13664
37.2988 12497 13652
37.3345 12485 13639
37.3675 12471 13624
37.404 12457 13611
37.4373 12443 13596
37.4653 12429 13582
37.499 12416 13568
37.531 12401 13554
37.5646 12388 13541
37.598 12374 13530
37.6303 12361 13517
37.6657 12346 13506
37.6989 12332 13494
37.7314 12318 13482
37.7645 12306 13467
37.7984 12293 13453
37.8306 12280 13440
37.8675 12268 13426
37.8982 12256 13411
37.9316 12244 13399
37.9653 12231 13385
37.9986 12218 13372
38.0316 12205 13359
38.0647 12192 13345
38.0986 12178 13333
38.1327 12164 13319
38.1656 12152 13305
38.2011 12138 13293
38.2315 12124 13280
38.267 12110 13267
38.2983 12096 13255
38.3316 12083 13243
38.3652 12069 13230
38.3979 12057 13218
38.4304 12043 13205
38.4649 12030 13191
38.4984 12017 13178
38.5315 12005 13164
38.5648 11993 13149
38.5981 11980 13135
38.6307 11967 13121
38.6659 11954 13107
38.6987 11940 13094
38.7315 11926 13082
38.7683 11912 13068
38.7975 11898 13055
38.8314 11885 13041
38.864 11872 13029
38.8988 11858 13017
38.9331 11844 13005
38.9681 11831 12990
38.9998 11817 12978
39.031 11804 12965
39.0651 11790 12952
39.0993 11777 12938
39.1326 11763 12925
39.1643 11750 12912
39.197 11739 12899
39.2307 11727 12886
39.264 11713 12872
39.2971 11701 12859
39.3315 11688 12845
39.3638 11673 12831
39.3967 11660 12818
39.4312 11646 12805
39.4643 11632 12791
39.497 11619 12778
39.5315 11605 12767
39.5657 11591 12755
39.5969 11579 12742
39.6312 11565 12729
39.665 11551 12716
39.6975 11538 12702
39.7343 11525 12689
39.7689 11512 12675
39.8033 11499 12662
39.8328 11486 12649
39.8638 11473 12636
39.8981 11461 12622
39.9313 11448 12609
39.9643 11434 12595
39.999 11421 12581
40.0317 11407 12565
40.0636 11394 12552
40.0994 11380 12539
40.1307 11366 12527
40.1643 11353 12514
40.3074 11340 12500
40.3111 11312 12475
40.3112 11300 12462
40.4825 11286 12450
40.5475 11219 12382
40.55 11205 12368
40.566 11192 12354
40.5991 11179 12342
40.6322 11166 12327
40.6643 11153 12312
40.698 11139 12298
40.73 11125 12284
40.7629 11111 12270
40.798 11097 12258
40.831 11083 12246
40.8684 11069 12236
40.9402 11054 12223
40.9479 11041 12210
40.9626 11028 12196
40.9976 11014 12182
41.0306 11001 12170
41.0633 10989 12155
41.0966 10976 12140
41.1307 10963 12126
41.1631 10950 12113
41.197 10937 12099
41.2297 10924 12086
41.2657 10909 12073
41.2969 10895 12058
41.3314 10883 12045
41.3648 10870 12030
41.3996 10856 12018
41.4309 10843 12006
41.4631 10829 11993
41.4965 10816 11980
41.5332 10802 11968
41.5651 10788 11955
41.5971 10774 11943
41.6303 10760 11929
41.6619 10747 11916
41.6962 10735 11903
41.73 10722 11889
41.7633 10711 11874
41.7966 10697 11861
41.8291 10684 11847
41.8638 10672 11834
41.8981 10658 11820
41.9295 10646 11806
41.963 10632 11793
41.9952 10618 11780
42.03 10605 11766
42.063 10592 11753
42.0951 10578 11741
42.1304 10565 11728
42.1644 10551 11714
42.2006 10538 11702
42.2328 10525 11689
42.2642 10512 11676
42.2974 10498 11662
42.3282 10485 11650
42.3634 10472 11636
42.3961 10460 11623
42.4282 10448 11610
42.5325 10434 11598
42.5361 10408 11569
42.5615 10396 11554
42.668 10382 11541
42.6742 10369 11529
42.6743 10356 11516
42.6954 10342 11503
42.8025 10329 11491
42.8139 10303 11468
42.8298 10290 11454
42.94 10276 11442
42.9523 10250 11416
42.9685 10237 11402
43.0726 10225 11389
43.0766 10211 11375
43.0767 10199 11362
43.099 10186 11347
43.2083 10173 11334
43.2143 10160 11320
43.2144 10147 11306
43.2289 10134 11293
43.3441 10119 11279
43.3509 10092 11254
43.3608 10079 11241
43.4792 10065 11229
43.4824 10051 11216
43.4825 10038 11204
43.4934 10025 11190
43.646 10012 11178
43.6504 9987 11151
43.6505 9973 11138
43.6594 9960 11125
43.8161 9948 11112
43.8232 9922 11086
43.8232 9909 11072
43.8264 9896 11058
43.9857 9884 11044
43.9936 9844 11003
43.9951 9830 10990
44.028 9817 10978
44.3104 9804 10967
44.3308 9711 10875
44.3361 9698 10862
44.3644 9687 10849
44.4983 9673 10836
44.5042 9647 10810
44.5043 9634 10796
44.5264 9620 10783
44.8783 9607 10768
44.8797 9499 10665
45.0087 9486 10653
45.0174 9436 10598
45.0228 9422 10583
45.326 9409 10569
45.3765 9302 10462
45.7739 9289 10450
45.8618 9261 10423
45.8619 9146 10302
45.8738 9091 10248
45.8939 9077 10234
46.0295 9064 10222
46.0398 9023 10183
46.0624 9009 10170
46.0927 8996 10156
46.1294 8981 10142
46.1618 8969 10130
46.191 8956 10116
46.2224 8943 10102
46.2555 8930 10088
46.288 8917 10073
46.3205 8904 10059
46.355 8891 10045
46.3871 8879 10031
46.4209 8864 10015
46.4532 8851 10002
46.4868 8837 9990
46.5204 8824 9976
46.5546 8810 9963
46.5873 8796 9951
46.62 8782 9938
46.6551 8769 9925
46.6944 8755 9912
46.727 8742 9900
46.7571 8728 9885
46.7886 8715 9872
46.8191 8702 9858
46.8519 8690 9846
46.886 8677 9833
46.92 8664 9819
46.9517 8651 9805
46.9847 8638 9791
47.0179 8625 9778
47.0521 8613 9764
47.0864 8599 9751
47.1197 8585 9735
47.1515 8571 9723
47.1855 8557 9709
47.2187 8544 9698
47.2528 8531 9686
47.2857 8516 9674
47.3193 8503 9661
47.3517 8490 9647
47.3849 8477 9634
47.4175 8463 9621
47.4528 8451 9607
47.4876 8438 9593
47.5221 8424 9579
47.5568 8411 9567
47.5877 8399 9554
47.617 8387 9541
47.6498 8373 9527
47.683 8358 9513
47.719 8345 9499
47.7506 8331 9484
47.7834 8318 9471
47.8166 8305 9457
47.8523 8291 9444
47.8838 8277 9433
47.9169 8264 9421
47.9495 8250 9409
47.9842 8236 9396
48.0164 8222 9384
48.0489 8209 9371
48.0864 8196 9358
48.1174 8184 9344
48.1499 8171 9330
48.1891 8160 9316
48.2167 8147 9303
48.2487 8134 9290
48.2861 8121 9276
48.3213 8108 9263
48.3552 8094 9249
48.3866 8081 9237
48.4177 8068 9222
48.451 8054 9210
48.4824 8040 9197
48.5172 8026 9184
48.5497 8012 9171
48.5824 7998 9159
48.6168 7984 9146
48.6493 7971 9133
48.6823 7959 9120
48.717 7944 9107
48.7495 7932 9094
48.7825 7920 9080
48.8153 7908 9067
48.851 7895 9053
48.882 7882 9039
48.9155 7869 9024
48.9492 7856 9010
48.9825 7843 8997
49.0152 7828 8985
49.0489 7815 8972
49.084 7801 8958
49.1196 7787 8945
49.1543 7774 8932
49.1837 7761 8920
49.214 7748 8908
49.2491 7734 8895
49.2829 7720 8882
49.3156 7708 8869
49.3485 7695 8856
49.3818 7681 8843
49.4159 7668 8830
49.4482 7655 8816
49.4804 7643 8802
49.5137 7631 8790
49.5466 7617 8776
49.5804 7604 8763
49.6136 7591 8748
49.6466 7577 8736
49.6798 7563 8723
49.7127 7550 8710
49.7459 7537 8697
49.7794 7523 8685
49.8119 7510 8672
49.8486 7497 8660
49.8792 7483 8647
49.9158 7470 8635
49.9509 7456 8623
49.9821 7443 8609
50.0124 7430 8594
50.0444 7418 8582
50.0851 7404 8570
50.1233 7392 8556
50.1432 7378 8542
50.176 7366 8530
50.2109 7353 8516
50.2432 7340 8502
50.2768 7325 8488
50.309 7312 8472
50.3435 7298 8458
50.3757 7285 8445
50.4098 7272 8433
50.4418 7258 8421
50.4779 7245 8409
50.5073 7231 8396
50.5443 7218 8382
50.5751 7205 8370
50.6074 7192 8357
50.6483 7179 8343
50.6742 7166 8328
50.711 7153 8314
50.749 7139 8302
50.7796 7126 8289
50.8101 7113 8275
50.8409 7099 8261
50.8752 7086 8248
50.9052 7073 8235
50.9387 7059 8219
50.9719 7046 8205
51.0044 7033 8192
51.039 7019 8178
51.0708 7004 8165
51.1037 6991 8155
51.1367 6977 8143
51.1701 6964 8132
51.2025 6949 8119
51.2357 6936 8107
51.2692 6922 8092
51.3021 6910 8079
51.3345 6898 8065
51.3757 6884 8052
51.4005 6871 8038
51.4332 6859 8023
51.4681 6846 8009
51.506 6833 7996
51.5414 6818 7983
51.5774 6804 7970
51.6067 6792 7955
51.6373 6779 7942
51.6707 6765 7929
51.7021 6752 7915
51.7319 6739 7902
51.7645 6725 7890
51.7986 6711 7878
51.8308 6698 7865
51.8644 6684 7852
51.8995 6669 7840
51.9587 6656 7827
51.9844 6645 7813
51.9952 6632 7799
52.0292 6621 7786
52.0627 6608 7773
52.0948 6595 7759
52.1284 6582 7744
52.161 6569 7732
52.1941 6557 7719
52.2273 6544 7705
52.2613 6530 7691
52.2954 6516 7678
52.3273 6503 7666
52.3651 6490 7654
52.3961 6476 7642
52.425 6463 7629
52.4587 6450 7617
52.4906 6437 7604
52.5481 6426 7591
52.5585 6412 7577
52.5926 6399 7564
52.6238 6385 7551
52.6595 6372 7536
52.6948 6360 7523
52.7248 6347 7510
52.7577 6334 7497
52.7907 6321 7483
52.8247 6307 7469
52.8571 6294 7455
52.8896 6281 7442
52.9232 6268 7429
52.9566 6255 7416
52.9908 6240 7403
53.0224 6229 7392
53.0551 6215 7379
53.0887 6202 7367
53.1234 6188 7355
53.1582 6175 7341
53.193 6162 7328
53.2206 6149 7317
53.253 6136 7304
53.2897 6123 7291
53.3195 6111 7278
53.3522 6099 7264
53.3867 6086 7250
53.4176 6073 7237
53.4519 6060 7223
53.4858 6047 7209
53.5178 6033 7195
53.5727 6020 7181
53.5834 6006 7168
53.6182 5992 7155
53.6493 5979 7144
53.6818 5964 7132
53.7187 5951 7119
53.7487 5939 7106
53.7814 5926 7094
53.8147 5914 7081
53.8479 5901 7068
53.8807 5888 7054
53.916 5875 7041
53.9492 5862 7028
53.9832 5851 7015
54.0143 5839 7003
54.0452 5825 6989
54.0804 5812 6976
54.1134 5798 6961
54.1491 5786 6946
54.1787 5774 6933
54.2114 5761 6919
54.2442 5748 6905
54.2776 5734 6893
54.313 5720 6880
54.3464 5706 6869
54.3813 5693 6858
54.4123 5679 6845
54.4444 5666 6833
54.4776 5652 6819
54.5097 5640 6807
54.5433 5627 6792
54.5764 5614 6779
54.6097 5601 6765
54.6426 5589 6752
54.6757 5577 6740
54.711 5563 6726
54.752 5549 6712
54.7814 5536 6699
54.8132 5523 6685
54.8462 5509 6671
54.8774 5496 6658
54.9099 5482 6645
54.9491 5470 6631
54.9792 5456 6616
55.0115 5442 6604
55.0437 5429 6592
55.0767 5415 6579
55.1097 5401 6567
55.143 5387 6555
55.1767 5375 6542
55.2127 5362 6528
55.2464 5350 6515
55.2793 5337 6501
55.3136 5323 6485
55.3457 5311 6471
55.3809 5298 6458
55.4119 5285 6444
55.46 5271 6430
55.4804 5257 6417
55.5205 5244 6403
55.5468 5231 6390
55.5856 5217 6376
55.6146 5204 6364
55.6474 5190 6351
55.6788 5177 6339
55.7217 5163 6324
55.7507 5150 6312
55.7922 5137 6299
55.8145 5123 6285
55.8505 5110 6271
55.8819 5098 6256
55.9167 5086 6243
55.9479 5073 6230
55.9812 5060 6216
56.0158 5046 6201
56.0483 5032 6188
56.0808 5019 6174
56.1151 5005 6160
56.1474 4991 6147
56.183 4975 6133
56.2159 4963 6121
56.2495 4950 6107
56.2817 4936 6094
56.3185 4921 6082
56.3552 4907 6069
56.3861 4894 6055
56.4224 4879 6040
56.45 4866 6028
56.4836 4854 6015
56.5172 4841 6001
56.5497 4828 5987
56.5872 4815 5971
56.618 4803 5958
56.6513 4790 5943
56.6884 4776 5928
56.7183 4762 5913
56.7523 4748 5900
56.7843 4735 5888
56.8195 4721 5874
56.8527 4706 5862
56.8865 4691 5849
56.9209 4678 5835
56.9532 4665 5824
56.9872 4651 5811
57.022 4637 5796
57.0549 4623 5781
57.0881 4610 5768
57.1226 4597 5755
57.1584 4584 5741
57.1892 4572 5728
57.2242 4559 5715
57.2548 4546 5701
57.2902 4532 5686
57.323 4519 5672
57.3556 4507 5660
57.3882 4494 5646
57.4217 4480 5632
57.457 4465 5618
57.4899 4452 5607
57.5227 4439 5594
57.5576 4425 5581
57.5915 4411 5569
57.6242 4398 5557
57.6574 4385 5545
57.6917 4371 5529
57.7252 4359 5515
57.7598 4345 5501
57.7934 4332 5487
57.8257 4320 5474
57.8588 4307 5461
57.8951 4293 5447
57.9273 4279 5433
57.9607 4265 5419
57.9993 4249 5403
58.0272 4236 5390
58.0603 4222 5378
58.0955 4208 5362
58.129 4195 5349
58.1613 4181 5338
58.1971 4166 5326
58.2316 4153 5313
58.2629 4140 5300
58.2979 4125 5287
58.3317 4112 5274
58.3639 4100 5262
58.3983 4086 5247
58.4325 4073 5234
58.4652 4063 5220
58.498 4050 5208
58.5324 4036 5192
58.5658 4024 5179
58.601 4009 5165
58.6338 3997 5153
58.6665 3984 5140
58.6999 3970 5126
58.7375 3956 5112
58.7682 3943 5100
58.8071 3927 5088
58.8393 3914 5076
58.8682 3901 5063
58.9042 3886 5050
58.941 3873 5037
58.97 3860 5024
59.0032 3846 5011
59.0379 3833 4997
59.0718 3821 4983
59.1039 3809 4970
59.1388 3795 4955
59.1714 3783 4941
59.2065 3769 4927
59.2584 3755 4913
59.2797 3741 4900
59.3071 3728 4887
59.3413 3714 4873
59.3747 3700 4859
59.408 3687 4847
59.4425 3673 4832
59.4771 3660 4821
59.5079 3646 4809
59.5397 3633 4796
59.5801 3619 4781
59.6097 3606 4769
59.6415 3592 4758
59.6789 3578 4744
59.7104 3564 4730
59.7413 3552 4716
59.7783 3540 4702
59.8108 3528 4689
59.8456 3513 4674
59.8788 3500 4660
59.9111 3486 4646
59.9465 3472 4632
59.9806 3459 4618
60.0127 3444 4606
60.0474 3429 4593
60.0814 3416 4580
60.1157 3404 4568
60.1484 3390 4554
60.1827 3377 4542
60.2136 3364 4530
60.2509 3349 4515
60.2827 3336 4500
60.3164 3323 4488
60.3545 3310 4475
60.3893 3298 4462
60.4241 3285 4449
60.4779 3272 4436
60.487 3259 4422
60.5175 3247 4408
60.5497 3234 4394
60.587 3219 4377
60.6185 3205 4364
60.6515 3193 4351
60.6869 3178 4338
60.7189 3164 4326
60.7519 3151 4314
60.7883 3136 4301
60.8196 3123 4289
60.8531 3110 4276
60.8889 3095 4262
60.9207 3083 4247
60.9565 3069 4233
60.9904 3056 4219
61.0225 3043 4206
61.058 3029 4191
61.0917 3016 4178
61.123 3002 4165
61.1599 2988 4150
61.1943 2974 4136
61.2277 2961 4123
61.2616 2947 4108
61.2938 2934 4093
61.3253 2921 4080
61.385 2905 4067
61.4076 2892 4053
61.426 2878 4041
61.4618 2862 4028
61.4947 2848 4016
61.527 2836 4003
61.5598 2822 3989
61.5961 2809 3975
61.6279 2796 3962
61.661 2783 3948
61.6974 2770 3932
61.73 2756 3919
61.7633 2744 3905
61.7985 2730 3891
61.8322 2716 3877
61.8665 2701 3861
61.898 2688 3849
61.9317 2675 3836
61.9703 2661 3822
62.0041 2647 3810
62.0392 2634 3797
62.073 2620 3783
62.1005 2607 3771
62.133 2593 3758
62.1694 2576 3745
62.2017 2564 3732
62.234 2552 3718
62.272 2539 3704
62.3049 2527 3691
62.3354 2515 3676
62.3709 2501 3661
62.4035 2488 3648
62.4362 2475 3634
62.4703 2463 3621
62.5046 2449 3607
62.5375 2435 3594
62.5705 2421 3581
62.6055 2407 3567
62.6397 2395 3554
62.6715 2381 3544
62.7058 2366 3531
62.7389 2353 3518
62.8031 2340 3506
62.8328 2327 3492
62.8417 2314 3480
62.8766 2301 3467
62.9153 2287 3452
62.9464 2274 3439
62.9787 2261 3424
63.0095 2248 3410
63.0428 2236 3396
63.0848 2222 3382
63.1102 2208 3368
63.1466 2194 3353
63.1788 2181 3340
63.2111 2168 3328
63.2465 2153 3315
63.2791 2140 3301
63.312 2128 3289
63.351 2114 3277
63.3803 2101 3264
63.4141 2088 3251
63.4626 2073 3236
63.4812 2061 3223
63.5145 2047 3211
63.5504 2034 3197
63.583 2021 3184
63.6157 2009 3172
63.6517 1995 3158
63.6841 1983 3143
63.7203 1971 3129
63.7583 1957 3114
63.7841 1943 3101
63.822 1929 3086
63.8543 1916 3074
63.886 1902 3062
63.9213 1888 3049
63.9533 1874 3038
63.9884 1860 3025
64.0238 1846 3013
64.0549 1833 3001
64.0904 1821 2987
64.1234 1808 2974
64.1635 1795 2960
64.1921 1780 2945
64.2241 1768 2932
64.26 1756 2918
64.2932 1743 2905
64.3241 1729 2891
64.3601 1715 2877
64.3971 1703 2864
64.4261 1692 2851
64.4606 1677 2837
64.4947 1664 2823
64.5282 1651 2810
64.5651 1636 2796
64.5971 1623 2783
64.628 1610 2770
64.6634 1595 2758
64.6961 1581 2746
64.7295 1568 2733
64.7644 1554 2720
64.7962 1541 2707
64.8294 1529 2694
64.8641 1515 2679
64.898 1504 2665
64.9309 1491 2651
64.9663 1477 2637
64.9989 1464 2624
65.0321 1452 2610
65.0666 1437 2596
65.104 1424 2583
65.1348 1411 2569
65.1674 1396 2554
65.201 1383 2543
65.2343 1370 2530
65.2696 1356 2518
65.3029 1343 2505
65.3374 1330 2493
65.3699 1316 2481
65.4032 1301 2466
65.4367 1288 2453
65.4689 1276 2439
65.5038 1262 2425
65.5371 1250 2412
65.5695 1237 2396
65.6051 1223 2382
65.6382 1211 2369
65.6709 1198 2356
65.7068 1184 2340
65.7388 1170 2327
65.7723 1156 2313
65.8086 1143 2300
65.8399 1130 2286
65.8736 1116 2274
65.9083 1101 2260
65.9415 1089 2248
65.9743 1075 2236
66.0092 1060 2223
66.0423 1048 2210
66.0753 1035 2197
66.1144 1021 2181
66.1455 1008 2168
66.1781 996 2154
66.2092 984 2140
66.2441 970 2124
66.2799 958 2110
66.3164 943 2096
66.3422 930 2084
66.3776 916 2069
66.4114 901 2056
66.4441 886 2043
66.4788 872 2029
66.5113 859 2015
66.5466 845 2002
66.5796 832 1990
66.623 819 1977
66.648 804 1962
66.6815 791 1950
66.7146 777 1937
66.7487 763 1923
66.7821 750 1910
66.8152 738 1898
66.8497 725 1883
66.8836 712 1867
66.9191 700 1855
66.9567 691 1844
66.9927 686 1838
67.0177 684 1835
67.055 684 1835
67.0848 683 1835
67.1184 683 1835
67.1619 683 1835
67.1869 684 1835
67.225 684 1835
67.2546 683 1835
67.2868 683 1835
67.3203 683 1835
67.3554 683 1835
67.3883 684 1835
67.4216 683 1835
67.4595 684 1835
67.4931 684 1835
67.5216 684 1835
67.5572 684 1835
67.5903 684 1835
67.6236 684 1835
67.6583 683 1835
67.6928 683 1835
67.7262 684 1835
67.7679 683 1835
67.7951 684 1835
67.8255 683 1835
67.8607 683 1835
67.8932 684 1835
67.9273 684 1835
67.9608 683 1835
67.9946 684 1835
68.0275 683 1835
68.0623 683 1835
68.095 684 1835
68.1281 684 1835
68.1605 683 1835
68.1962 683 1835
68.2292 683 1835
68.2643 684 1835
68.297 684 1835
68.3287 684 1835
68.3655 683 1835
68.3984 684 1835
68.4303 684 1835
68.4663 683 1835
68.4992 684 1835
68.5327 684 1835
68.5708 684 1835
68.6006 683 1835
68.6325 684 1835
68.6692 683 1835
68.7025 683 1835
68.7333 683 1835
68.7692 683 1835
68.8023 684 1835
68.8348 684 1835
68.874 684 1835
68.9029 684 1836
68.9355 683 1835
68.9713 684 1835
69.003 683 1835
69.0386 683 1835
69.0738 683 1835
69.1046 684 1836
69.1407 684 1835
69.1725 683 1835
69.2058 683 1835
69.2408 684 1835
69.2749 683 1835
69.3077 683 1835
69.3452 684 1835
69.3752 684 1835
69.4098 683 1835
69.4433 683 1835
69.4859 684 1835
69.5093 684 1835
69.5412 683 1835
69.5775 684 1835
69.6095 683 1835
69.6593 684 1835
69.679 683 1835
69.7101 683 1835
69.7431 684 1835
69.7806 684 1835
69.811 684 1835
69.8467 684 1835
69.8797 684 1835
69.9128 684 1835
69.9456 683 1835
69.9827 683 1835
70.0147 684 1835
70.0486 684 1835
70.0819 683 1835
70.132 683 1835
70.1532 683 1835
70.1844 683 1835
70.2187 683 1835
70.2493 683 1835
70.2845 683 1835
70.3181 683 1835
70.3505 683 1835
70.4176 684 1835
70.4806 684 1835
70.4894 684 1835
70.496 684 1835
70.5202 684 1835
70.5636 684 1835
70.5904 684 1835
70.6198 683 1835
70.6529 684 1835
70.688 683 1835
70.7207 684 1835
70.7592 684 1835
70.7899 684 1835
70.8219 684 1835
70.8545 684 1835
70.8879 683 1835
70.9268 683 1835
70.9565 683 1835
70.991 684 1835
71.0248 684 1835
71.0567 683 1835
71.0895 683 1835
71.1269 684 1835
71.1581 684 1835
71.1914 684 1835
71.2245 684 1835
71.2572 683 1835
71.2917 683 1835
71.324 684 1835
71.3571 684 1836
