0.248202 -2.53107e-05 -2.2367e-08 -0.000238568
0.282951 -2.53107e-05 -2.2367e-08 -0.000238299
0.324315 -2.53107e-05 -2.2367e-08 -0.000239789
0.345386 -2.53107e-05 -2.2367e-08 -0.000240535
0.39391 -2.53107e-05 -2.2367e-08 -0.000242084
0.411689 -5.06213e-05 -1.62872e-08 -0.000238329
0.472453 -2.53107e-05 -2.23199e-08 -0.000238359
0.479367 -2.53107e-05 -2.23199e-08 -0.000244677
0.512172 3.20808e-11 -2.85407e-08 -0.000246882
0.543039 -2.53107e-05 -2.23448e-08 -0.00024271
0.585215 -5.06213e-05 -1.62329e-08 -0.000240237
0.610363 -2.53107e-05 -2.23829e-08 -0.00024572
0.655862 -2.53107e-05 -2.23829e-08 -0.000248909
0.676334 -2.53107e-05 -2.23829e-08 -0.000249237
0.708814 3.20481e-11 -2.87354e-08 -0.000252724
0.746001 -2.53107e-05 -2.23078e-08 -0.000255167
0.80451 -2.53107e-05 -2.23078e-08 -0.000255466
0.883028 3.20197e-11 -2.87723e-08 -0.000260532
0.908429 3.20197e-11 -2.87723e-08 -0.000261456
0.918472 -2.53107e-05 -2.21125e-08 -0.000264794
0.949941 -2.53107e-05 -2.21125e-08 -0.000260144
0.995026 3.19825e-11 -2.8721e-08 -0.000262052
1.04175 3.19825e-11 -2.8721e-08 -0.000266522
1.08859 -2.53107e-05 -2.20159e-08 -0.000263542
1.13663 -2.53107e-05 -2.20159e-08 -0.000262439
1.16244 3.19557e-11 -2.87263e-08 -0.000267804
1.2164 -5.06213e-05 -1.52512e-08 -0.000264585
1.21649 -2.53107e-05 -2.20042e-08 -0.000269026
1.27146 -2.53107e-05 -2.20042e-08 -0.000269353
1.27419 -2.53107e-05 -2.20042e-08 -0.000266582
1.31608 3.19423e-11 -2.87652e-08 -0.000267655
1.37687 -2.53107e-05 -2.20023e-08 -0.000268906
1.41994 -2.53107e-05 -2.20023e-08 -0.000270277
1.43444 -2.53107e-05 -2.20023e-08 -0.000266761
1.48684 3.19418e-11 -2.87652e-08 -0.000267625
1.54435 -5.06213e-05 -1.51693e-08 -0.000271082
1.60243 3.19306e-11 -2.87802e-08 -0.000270903
1.67185 3.19306e-11 -2.87802e-08 -0.000270993
1.7685 -2.53107e-05 -2.19058e-08 -0.000270635
1.8452 3.11162e-11 -2.87252e-08 -0.00027135
1.8917 -2.53107e-05 -2.18209e-08 -0.00027284
1.94058 3.18978e-11 -2.87463e-08 -0.000273019
1.98842 -2.53107e-05 -2.18247e-08 -0.000273913
2.02554 3.18874e-11 -2.87882e-08 -0.000276327
2.0768 3.18874e-11 -2.87882e-08 -0.000277549
2.1252 3.18874e-11 -2.87882e-08 -0.000276387
2.1281 3.18874e-11 -2.87882e-08 -0.000278741
2.19039 3.18874e-11 -2.87882e-08 -0.000272661
2.2385 3.18938e-11 -2.88493e-08 -0.000277489
2.29801 -2.53107e-05 -2.18311e-08 -0.000277072
2.29808 3.18746e-11 -2.8841e-08 -0.000276834
2.34496 -2.53107e-05 -2.1796e-08 -0.000279844
2.37881 3.18798e-11 -2.8787e-08 -0.000272572
2.45466 3.18701e-11 -2.88606e-08 -0.000278383
2.50617 -2.53107e-05 -2.19725e-08 -0.000276804
2.56236 3.1854e-11 -2.90563e-08 -0.000280768
2.6109 -2.53107e-05 -2.19646e-08 -0.000279605
2.62811 3.18432e-11 -2.90869e-08 -0.000283182
2.67176 -5.06213e-05 -1.47684e-08 -0.000282526
2.72675 3.09267e-11 -2.90763e-08 -0.000282764
2.78712 -5.06213e-05 -1.47183e-08 -0.000284702
2.83495 -5.06213e-05 -1.467e-08 -0.000286609
2.89447 -2.53107e-05 -2.19363e-08 -0.000285238
2.94008 -2.53107e-05 -2.19363e-08 -0.000286639
2.95284 2.99506e-11 -2.93154e-08 -0.000296444
2.9984 -2.53107e-05 -2.18835e-08 -0.000290811
3.04368 2.99654e-11 -2.92117e-08 -0.000288248
3.08839 2.99367e-11 -2.92962e-08 -0.000294924
3.13512 -2.53107e-05 -2.18303e-08 -0.000295013
3.15328 -2.53107e-05 -2.18303e-08 -0.000296772
3.2003 2.99144e-11 -2.93328e-08 -0.000296056
3.24784 -2.53107e-05 -2.18699e-08 -0.000293642
3.2944 -2.53107e-05 -2.19363e-08 -0.000298887
3.39874 2.98892e-11 -2.95232e-08 -0.000300616
3.41891 -2.53107e-05 -2.19216e-08 -0.000302792
3.44885 2.98642e-11 -2.95915e-08 -0.000303268
3.48249 2.98642e-11 -2.95915e-08 -0.000306606
3.48557 -5.06213e-05 -1.41288e-08 -0.000304312
3.54813 3.06147e-11 -2.9501e-08 -0.00030303
3.59416 -2.53107e-05 -2.18835e-08 -0.000298887
3.59424 2.98712e-11 -2.953e-08 -0.000305325
3.63596 -2.53107e-05 -2.17609e-08 -0.000308573
3.64696 2.98302e-11 -2.95421e-08 -0.000306278
3.6974 -2.53107e-05 -2.17609e-08 -0.000308573
3.7479 2.98231e-11 -2.95651e-08 -0.000308096
3.79643 -2.53107e-05 -2.1856e-08 -0.000305116
3.83985 -2.53107e-05 -2.1856e-08 -0.000307411
3.84401 -2.53107e-05 -2.1856e-08 -0.000306815
3.88912 -5.06213e-05 -1.40827e-08 -0.000307411
3.93895 -2.53107e-05 -2.18854e-08 -0.000309139
3.99052 2.98419e-11 -2.96285e-08 -0.000305593
4.07578 -2.53107e-05 -2.18277e-08 -0.000310063
4.12007 2.97941e-11 -2.97254e-08 -0.000311911
4.16407 -5.06213e-05 -1.39375e-08 -0.000311851
4.18702 3.04411e-11 -2.9871e-08 -0.000317663
4.23742 -2.53107e-05 -2.17677e-08 -0.00032264
4.29801 -5.06213e-05 -1.38768e-08 -0.000314713
4.37774 -2.53107e-05 -2.19054e-08 -0.000319451
4.38603 2.9745e-11 -2.99589e-08 -0.000316918
4.4102 2.9745e-11 -2.99589e-08 -0.00031659
4.45118 2.9745e-11 -2.99589e-08 -0.000318676
4.50293 -2.53107e-05 -2.18549e-08 -0.000321686
4.55483 -2.53107e-05 -2.18549e-08 -0.000321329
4.63017 2.97122e-11 -3.00109e-08 -0.000326395
4.67197 2.96719e-11 -3.00358e-08 -0.000328362
4.71784 -5.06213e-05 -1.34589e-08 -0.000326574
4.73672 -5.06213e-05 -1.34589e-08 -0.000329077
4.80949 -2.53107e-05 -2.17564e-08 -0.000328571
4.85634 2.96281e-11 -3.01693e-08 -0.0003362
4.86849 2.96281e-11 -3.01693e-08 -0.000333548
4.91605 -2.53107e-05 -2.17681e-08 -0.000330299
4.97716 -2.53107e-05 -2.17681e-08 -0.000332296
5.0263 2.96471e-11 -3.01237e-08 -0.00033164
5.08139 -2.53107e-05 -2.17066e-08 -0.000334084
5.12561 -2.53107e-05 -2.17066e-08 -0.00033462
5.13122 2.96042e-11 -3.01912e-08 -0.000335813
5.18512 -2.53107e-05 -2.16855e-08 -0.000336289
5.22795 -2.53107e-05 -2.16855e-08 -0.000333101
5.27763 2.96009e-11 -3.01799e-08 -0.000338882
5.31968 -2.53107e-05 -2.16286e-08 -0.000336826
5.34436 2.95807e-11 -3.01829e-08 -0.000339121
5.39408 2.95807e-11 -3.01829e-08 -0.000335783
5.44339 -2.53107e-05 -2.175e-08 -0.000340611
5.49396 -2.53107e-05 -2.175e-08 -0.000342786
5.50122 -2.53107e-05 -2.175e-08 -0.000340253
5.54723 2.95325e-11 -3.04458e-08 -0.000346869
5.59238 2.95325e-11 -3.04458e-08 -0.000342995
5.63799 2.95403e-11 -3.0456e-08 -0.0003438
5.68479 2.95403e-11 -3.0456e-08 -0.000346214
5.69926 -2.53107e-05 -2.16482e-08 -0.00034976
5.7464 -2.53107e-05 -2.16482e-08 -0.000352204
5.81052 -2.53107e-05 -2.16482e-08 -0.000348091
5.85821 2.94884e-11 -3.04714e-08 -0.000349104
5.86405 -2.53107e-05 -2.15935e-08 -0.000352412
5.90856 -2.53107e-05 -2.15935e-08 -0.000354379
5.95996 -2.53107e-05 -2.15935e-08 -0.000356942
6.00413 0.000227796 -1.84316e-07 -0.00107408
6.04852 0.000607456 -6.86556e-07 -0.00157166
6.06647 0.000961806 -1.10714e-06 -0.000802189
6.11233 0.00129084 -1.35707e-06 -0.000716954
6.1559 0.0016705 -1.54487e-06 -0.000272363
6.20805 0.00235389 -1.56892e-06 5.9545e-05
6.25201 0.00268293 -1.55437e-06 2.88486e-05
6.26186 0.00296135 -1.6108e-06 -0.00043416
6.30919 0.00329039 -1.7999e-06 -0.000715286
6.35238 0.00367005 -2.14866e-06 -0.00112191
6.39608 0.00430282 -3.01818e-06 -0.00152266
6.43998 0.00463185 -3.56188e-06 -0.00178209
6.45723 0.00496089 -4.14895e-06 -0.00178632
6.50189 0.00528993 -4.75329e-06 -0.00188705
6.54362 0.00559366 -5.36228e-06 -0.00212303
6.58774 0.0059227 -6.12247e-06 -0.00249764
6.63211 0.00658077 -7.93252e-06 -0.00282478
6.6777 0.00693512 -8.95586e-06 -0.00295112
6.68931 0.00726416 -9.90237e-06 -0.00280204
6.73195 0.00761851 -1.08502e-05 -0.00254744
6.78083 0.00794754 -1.16433e-05 -0.00227335
6.8243 0.00860562 -1.30846e-05 -0.00243095
6.86915 0.00890935 -1.38267e-05 -0.00245547
6.89257 0.0092637 -1.4725e-05 -0.00261474
6.93561 0.00959273 -1.55933e-05 -0.00266278
6.9846 0.00994708 -1.6521e-05 -0.00257379
7.03275 0.010833 -1.87004e-05 -0.00216377
7.0757 0.0112885 -1.97219e-05 -0.00232035
7.08544 0.0117694 -2.08558e-05 -0.00239545
7.12874 0.0123263 -2.2188e-05 -0.00238952
7.17198 0.012959 -2.36582e-05 -0.00225753
7.21762 0.0136171 -2.49662e-05 -0.00171769
7.26344 0.0148827 -2.68306e-05 -0.000884593
7.30856 0.015566 -2.73666e-05 -0.000684083
7.31685 0.0162494 -2.77409e-05 -0.000411332
7.37681 0.0169581 -2.79782e-05 -0.000258267
7.42241 0.0182743 -2.82942e-05 -0.000482976
7.47213 0.0189324 -2.87719e-05 -0.000968814
7.48122 0.0196158 -2.96158e-05 -0.00150093
7.52487 0.0202738 -3.07276e-05 -0.00187805
7.568 0.0209572 -3.21629e-05 -0.00232249
7.61287 0.0216659 -3.36806e-05 -0.00196037
7.66184 0.0230327 -3.61732e-05 -0.00157636
7.70389 0.0236908 -3.71142e-05 -0.0012835
7.71877 0.0243488 -3.78139e-05 -0.000842959
7.76645 0.0250829 -3.82961e-05 -0.000470877
7.81218 0.0263737 -3.82434e-05 0.000463724
7.85627 0.0270318 -3.78589e-05 0.000704974
7.87707 0.0276899 -3.74382e-05 0.000573516
7.92102 0.0283479 -3.69588e-05 0.00088343
7.9638 0.0290313 -3.63819e-05 0.00080502
8.00806 0.0297147 -3.58449e-05 0.000766486
8.05214 0.0310309 -3.52847e-05 -9.31025e-05
8.0967 0.0316889 -3.53577e-05 -0.000128776
8.11001 0.032347 -3.5516e-05 -0.000352204
8.15219 0.0330304 -3.59939e-05 -0.00104636
8.19577 0.0337138 -3.66817e-05 -0.000966638
8.23979 0.0343719 -3.73565e-05 -0.001084
8.28411 0.0357386 -3.9091e-05 -0.00173286
8.32841 0.036422 -4.03356e-05 -0.00190958
8.33818 0.0370801 -4.15394e-05 -0.00174895
8.38178 0.0377635 -4.25749e-05 -0.00128144
8.42941 0.0384469 -4.33601e-05 -0.00101653
8.47223 0.0390797 -4.385e-05 -0.000531971
8.5192 0.0404717 -4.38406e-05 0.000547171
8.56507 0.0411045 -4.34423e-05 0.00071165
8.57011 0.0417626 -4.29857e-05 0.000675887
8.61198 0.0424207 -4.25445e-05 0.000664949
8.66095 0.0430534 -4.21785e-05 0.000492036
8.70417 0.0443443 -4.21443e-05 -0.000388235
8.75223 0.044977 -4.23928e-05 -0.000396907
8.76738 0.0456604 -4.26384e-05 -0.000322103
8.8121 0.0463185 -4.29738e-05 -0.000697106
8.8559 0.0469766 -4.34156e-05 -0.000645489
8.9012 0.0483434 -4.42986e-05 -0.000517249
8.94358 0.0490268 -4.47114e-05 -0.000690967
8.9697 0.0496848 -4.51482e-05 -0.000636339
9.01162 0.0503935 -4.55081e-05 -0.000379354
9.05554 0.0510516 -4.55902e-05 0.000129789
9.10033 0.0523171 -4.50825e-05 0.000694871
9.14355 0.0529752 -4.44737e-05 0.00115532
9.1638 0.0536839 -4.34296e-05 0.00179124
9.20771 0.054342 -4.22423e-05 0.00181717
9.26015 0.0550001 -4.10084e-05 0.00193283
9.30406 0.0563415 -3.81419e-05 0.00230059
9.34774 0.0569996 -3.67792e-05 0.00184089
9.36132 0.0576324 -3.57944e-05 0.00127175
9.4042 0.0582904 -3.50378e-05 0.00102791
9.45495 0.0588979 -3.44624e-05 0.000866234
9.49997 0.0602141 -3.38339e-05 0.000120193
9.54399 0.0608721 -3.37798e-05 4.41074e-05
9.56067 0.0615555 -3.37707e-05 -1.72555e-05
9.60923 0.0622389 -3.38782e-05 -0.000297546
9.65584 0.0629982 -3.40747e-05 -0.000219792
9.70202 0.0645422 -3.35296e-05 0.000798136
9.74596 0.0653521 -3.27385e-05 0.00115547
9.75792 0.066238 -3.14037e-05 0.00185791
9.80063 0.0671998 -2.91591e-05 0.00280955
9.84606 0.068111 -2.64497e-05 0.00313753
9.9024 0.0700346 -2.10879e-05 0.00241375
9.95041 0.0709964 -1.90668e-05 0.00178897
9.95548 0.0719835 -1.74821e-05 0.00142178
10.0029 0.0729706 -1.60546e-05 0.00147045
10.0522 0.0739071 -1.46942e-05 0.00143474
10.1003 0.0759067 -1.16522e-05 0.00142369
10.1477 0.0768685 -1.04138e-05 0.00115147
10.1567 0.0778303 -9.3652e-06 0.00102904
10.2048 0.0788427 -8.48342e-06 0.000712872
10.2501 0.0798551 -7.46909e-06 0.00129089
10.2923 0.0817534 -4.02125e-06 0.00205472
10.34 0.0827405 -1.81636e-06 0.00241262
10.3519 0.0836517 4.22622e-08 0.00166696
10.3957 0.0846135 1.14437e-06 0.000624776
10.4417 0.0856006 1.56708e-06 0.000231683
10.4837 0.0865878 1.56705e-06 -0.000231743
10.5484 0.0885367 1.29193e-06 0.000263423
10.5923 0.0905362 2.22341e-06 0.000821561
10.6362 0.0914474 3.06702e-06 0.00103012
10.6492 0.0924092 3.9447e-06 0.000794947
10.6918 0.0934216 4.90923e-06 0.00111043
10.7366 0.0943328 6.0148e-06 0.00131622
10.7804 0.0953453 7.39455e-06 0.00140941
10.8253 0.0972436 1.08392e-05 0.00189638
10.8929 0.0991165 1.38958e-05 0.00147453
10.9388 0.100154 1.51187e-05 0.000882387
10.9519 0.101116 1.58709e-05 0.000681669
10.9968 0.102103 1.66981e-05 0.000994384
11.0432 0.10309 1.78987e-05 0.0014382
11.088 0.105065 2.25831e-05 0.003084
11.1319 0.106026 2.54804e-05 0.0029408
11.1485 0.107039 2.87208e-05 0.00346038
11.1919 0.108051 3.19605e-05 0.0029394
11.236 0.108962 3.43372e-05 0.0022774
11.2807 0.110962 3.83195e-05 0.00153229
11.3606 0.112886 4.14262e-05 0.00164661
11.4208 0.114961 4.42634e-05 0.00120091
11.4641 0.115923 4.56225e-05 0.00162521
11.4743 0.116961 4.72996e-05 0.00160688
11.5202 0.117948 4.91101e-05 0.00206152
11.5636 0.11896 5.12584e-05 0.00218233
11.6172 0.120858 5.57593e-05 0.0026128
11.6862 0.122833 6.01198e-05 0.00186333
11.7608 0.124807 6.31552e-05 0.00107512
11.815 0.126832 6.4975e-05 0.000728816
11.8616 0.127819 6.55336e-05 0.000403047
11.8756 0.128857 6.60161e-05 0.000526816
11.9202 0.129844 6.65838e-05 0.000623316
11.9642 0.130856 6.74891e-05 0.00116512
12.0111 0.132881 7.1e-05 0.00205111
12.0706 0.134754 7.42397e-05 0.00109795
12.1204 0.135766 7.48742e-05 0.000155538
12.1351 0.136804 7.49232e-05 -6.12438e-05
12.1798 0.137766 7.46555e-05 -0.000495285
12.23 0.138728 7.41617e-05 -0.000531495
12.2738 0.140702 7.3625e-05 -0.000603318
12.3157 0.141664 7.29631e-05 -0.000773132
12.3432 0.142651 7.22783e-05 -0.000614345
12.3881 0.143739 7.14838e-05 -0.000845641
12.4472 0.144726 7.1082e-05 3.15607e-05
12.4919 0.14665 7.24897e-05 0.00142467
12.5407 0.148574 7.44371e-05 0.000240743
12.5862 0.149535 7.43888e-05 -0.000341237
12.6001 0.150522 7.364e-05 -0.00117588
12.6482 0.15151 7.24758e-05 -0.00118288
12.6964 0.152471 7.15502e-05 -0.000742018
12.74 0.154395 7.19187e-05 0.000822127
12.7876 0.155433 7.30813e-05 0.0014185
12.7985 0.15642 7.46657e-05 0.00179166
12.8476 0.157356 7.63961e-05 0.00190386
12.8919 0.158343 7.82632e-05 0.00187907
12.94 0.160318 8.25312e-05 0.00259283
12.9888 0.161229 8.49293e-05 0.00267082
12.9971 0.162191 8.72848e-05 0.00222728
13.0398 0.163254 8.94954e-05 0.00193173
13.0849 0.164291 9.13672e-05 0.00167578
13.1335 0.166215 9.31321e-05 0.000694871
13.1826 0.167202 9.40078e-05 0.00107944
13.1974 0.168164 9.54084e-05 0.0018329
13.2398 0.169126 9.74264e-05 0.00236329
13.2847 0.170164 9.98788e-05 0.00236321
13.328 0.171151 0.000102385 0.00271368
13.3751 0.1731 0.000106754 0.00168282
13.4202 0.174061 0.000108275 0.00147855
13.4297 0.175023 0.000109534 0.00113958
13.4811 0.176036 0.000110618 0.0010013
13.5241 0.176997 0.000111566 0.000970364
13.5685 0.178997 0.000112451 0.000281245
13.6149 0.18006 0.000112836 0.000442386
13.632 0.181022 0.000113176 0.000265956
13.6825 0.181984 0.000113702 0.000827074
13.7283 0.183047 0.000114715 0.00107825
13.7834 0.18497 0.000117331 0.00182462
13.8283 0.185957 0.000119068 0.00169492
13.8349 0.18702 0.000120555 0.00110286
13.8801 0.187957 0.000121358 0.000611365
13.9251 0.188944 0.000121546 -0.00022912
13.9766 0.190918 0.000120479 -0.000789106
14.0214 0.191981 0.000119488 -0.00107402
14.0343 0.192943 0.000118514 -0.000951856
14.0764 0.193981 0.000117618 -0.000775576
14.1347 0.194993 0.00011734 0.000227034
14.1964 0.196917 0.000118734 0.00121874
14.2417 0.198917 0.000121686 0.00127825
14.2925 0.199878 0.000122682 0.000793785
14.3054 0.20084 0.000123131 0.000138462
14.3558 0.201777 0.000123096 -0.000212401
14.4076 0.202814 0.000122793 -0.000370532
14.4537 0.204789 0.000121467 -0.00109762
14.5068 0.206738 0.000119264 -0.00110883
14.5625 0.207801 0.00011799 -0.00128937
14.5701 0.208762 0.000117355 -3.02196e-05
14.6117 0.209749 0.000117862 0.00105807
14.6919 0.211774 0.000121338 0.00202626
14.7401 0.213673 0.000123495 0.000229537
14.7837 0.214761 0.000123153 -0.000857323
14.8065 0.215723 0.000122051 -0.00143477
14.8517 0.216685 0.000120733 -0.00130689
14.8964 0.217697 0.000119663 -0.000806093
14.9398 0.219773 0.000118848 0.00025022
14.9853 0.220734 0.000119131 0.000337511
15.0038 0.221747 0.000119699 0.000784814
15.048 0.222835 0.000120903 0.00142831
15.092 0.223772 0.000122203 0.00134817
15.1401 0.225796 0.000125755 0.00211298
15.185 0.226733 0.000127332 0.00125557
15.2077 0.227771 0.000128318 0.0006437
15.2565 0.228884 0.000128704 4.93526e-05
15.3 0.229821 0.000128501 -0.000483334
15.3441 0.231871 0.000127623 -0.000387967
15.3884 0.232833 0.000127692 0.000531524
15.4083 0.23382 0.00012858 0.00126767
15.4696 0.234883 0.000130075 0.00154516
15.5254 0.236883 0.00013347 0.00173467
15.6081 0.238857 0.000136352 0.00100812
15.6089 0.239844 0.000137035 0.000375211
15.6421 0.240806 0.000137371 0.000323325
15.6802 0.241767 0.000137692 0.000343621
15.7557 0.243894 0.000137963 0.000142038
15.7998 0.244881 0.000138066 6.49691e-05
15.8087 0.245843 0.000138112 3.15309e-05
15.8563 0.24688 0.000138465 0.000648946
15.9001 0.247842 0.000139116 0.000704825
15.9441 0.248804 0.00013999 0.0011121
15.9939 0.250854 0.000142744 0.00111032
16.0397 0.251791 0.000143739 0.00101388
16.0502 0.252803 0.000144886 0.00125256
16.0957 0.253739 0.00014585 0.000806689
16.1398 0.254727 0.000146474 0.000457197
16.187 0.256701 0.000147246 0.000180662
16.2725 0.2587 0.000148495 0.00116521
16.3163 0.260725 0.000152919 0.00321257
16.3633 0.261712 0.000156229 0.00349221
16.382 0.262725 0.000159682 0.00332913
16.4243 0.263661 0.000162707 0.00313222
16.4761 0.264598 0.000165492 0.00281459
16.5225 0.266623 0.000170676 0.00229043
16.5742 0.267584 0.000172947 0.0024327
16.5826 0.268571 0.000175474 0.00268796
16.628 0.269584 0.000177845 0.00199485
16.6761 0.270571 0.000179789 0.0019446
16.7207 0.272646 0.000183977 0.00223479
16.7644 0.273558 0.000186496 0.00329304
16.7901 0.274595 0.000190103 0.00365964
16.8409 0.275633 0.00019431 0.00444782
16.8871 0.276544 0.000198206 0.00410384
16.9324 0.278569 0.00020464 0.00237712
16.9775 0.279531 0.000206549 0.00159344
16.9868 0.280442 0.000207953 0.00148731
17.0318 0.28153 0.000209754 0.00182357
17.0759 0.282467 0.000211553 0.00201714
17.1298 0.284517 0.000216394 0.00258231
17.1738 0.285479 0.00021868 0.00217029
17.1875 0.286466 0.000220989 0.00250903
17.2381 0.287504 0.000223708 0.00273031
17.2913 0.289402 0.000229659 0.00366697
17.3385 0.290389 0.000233276 0.0036611
17.3556 0.291402 0.000236747 0.00319543
17.3997 0.292338 0.000239609 0.00291806
17.4602 0.294388 0.000244142 0.00176415
17.5057 0.295325 0.000245845 0.00187135
17.5231 0.296337 0.000247605 0.00160551
17.5776 0.297299 0.000249508 0.00235331
17.6239 0.298387 0.00025221 0.00261098
17.6763 0.300311 0.000257272 0.00293061
17.7241 0.301425 0.000260529 0.00291815
17.7258 0.302336 0.000263288 0.00313726
17.7711 0.303298 0.000266357 0.00324544
17.816 0.304335 0.00026956 0.00292602
17.8606 0.306208 0.000275258 0.00296602
17.9076 0.307271 0.00027847 0.00307712
17.9271 0.308233 0.000281423 0.00306323
17.9747 0.30922 0.000284424 0.0030165
18.0205 0.310258 0.000287813 0.00351557
18.0642 0.312232 0.000295855 0.00438797
18.1084 0.313194 0.000300321 0.00489935
18.1322 0.314257 0.000305812 0.00543171
18.1767 0.31527 0.000311291 0.00539255
18.2197 0.316181 0.000316115 0.00519481
18.2656 0.318206 0.000326078 0.00453937
18.308 0.319167 0.000330344 0.00433141
18.3317 0.32023 0.000334708 0.0038783
18.3762 0.321217 0.000338475 0.00375497
18.4224 0.322205 0.000342045 0.00347885
18.4689 0.324305 0.000349838 0.00400153
18.5136 0.325318 0.000354212 0.00463983
18.5327 0.326381 0.00035918 0.00470746
18.5756 0.327267 0.000363341 0.0046854
18.6207 0.328279 0.000367925 0.00437084
18.6639 0.329342 0.000372483 0.00420386
18.7184 0.331316 0.000380042 0.00335091
18.7641 0.332354 0.000383444 0.00320417
18.7682 0.333341 0.000386453 0.00289395
18.8128 0.334328 0.000389117 0.00250325
18.857 0.335417 0.000391821 0.00246477
18.9053 0.337442 0.000396377 0.00246057
18.9495 0.338505 0.000399633 0.00366676
18.9703 0.339492 0.000403504 0.00417462
19.0165 0.340479 0.00040786 0.00465292
19.0623 0.341516 0.000412532 0.00435013
19.1107 0.34344 0.000419182 0.00245929
19.1567 0.344453 0.00042117 0.001468
19.1734 0.34549 0.000422452 0.00100192
19.2161 0.346477 0.000423603 0.00132948
19.2617 0.347414 0.000424967 0.00158355
19.3096 0.348477 0.000426821 0.0019049
19.3521 0.350451 0.000430377 0.00193334
19.3999 0.351539 0.000432602 0.00215489
19.4145 0.352501 0.000434893 0.00260884
19.4599 0.353463 0.00043783 0.00349757
19.5073 0.354526 0.000441775 0.00392574
19.5685 0.356374 0.000448306 0.00316745
19.6144 0.358475 0.00045341 0.00161743
19.6599 0.359436 0.00045503 0.00175107
19.678 0.360449 0.000456856 0.00185612
19.7334 0.361411 0.000459091 0.00279248
19.7758 0.362398 0.000462341 0.0037922
19.828 0.364397 0.000470759 0.00487325
19.8724 0.365359 0.000475503 0.00499195
19.8782 0.366346 0.000480469 0.00507033
19.9364 0.367283 0.000485365 0.0053845
19.9985 0.369282 0.000495949 0.00520143
20.0438 0.370244 0.000500928 0.00515172
20.0567 0.371307 0.000506079 0.00453982
20.1142 0.372345 0.000510553 0.00408101
20.158 0.37437 0.000518695 0.00379413
20.2006 0.375357 0.000522887 0.00469917
20.2139 0.376319 0.000527332 0.00454441
20.2633 0.377331 0.000532034 0.00474501
20.3077 0.378318 0.000537 0.00531653
20.3571 0.380292 0.000547062 0.00485772
20.3997 0.381305 0.000551955 0.00480914
20.415 0.382266 0.000556286 0.00419751
20.4778 0.383152 0.000559959 0.00409397
20.5239 0.385202 0.000567641 0.00342229
20.5679 0.386139 0.000570817 0.00335968
20.5811 0.387177 0.000574296 0.00334507
20.6263 0.388214 0.000577942 0.00368258
20.6789 0.389202 0.000581894 0.0043231
20.7291 0.3911 0.000590517 0.00448954
20.7729 0.392163 0.000595252 0.00441897
20.7854 0.393125 0.000599591 0.00460458
20.832 0.394112 0.000603897 0.00411952
20.876 0.395175 0.000607869 0.00335276
20.9208 0.397124 0.000614581 0.00347659
20.9713 0.398111 0.000617465 0.00236768
20.9876 0.399123 0.00061981 0.00226465
21.0379 0.400136 0.000622024 0.00210792
21.0796 0.401123 0.000624044 0.00198573
21.1282 0.403072 0.000629405 0.0034458
21.1739 0.404135 0.000633416 0.00409892
21.1878 0.405071 0.000637467 0.00455329
21.2317 0.406033 0.000641596 0.0040336
21.2845 0.407071 0.000645723 0.00391951
21.3551 0.408994 0.000652025 0.0026412
21.4017 0.410918 0.000657398 0.00304747
21.4436 0.411981 0.000660675 0.00311702
21.4541 0.412918 0.00066357 0.00306579
21.5001 0.41393 0.000666737 0.00319073
21.5454 0.415018 0.00067064 0.00398138
21.5911 0.416917 0.000678819 0.00448632
21.6426 0.417929 0.000683674 0.00510418
21.6591 0.418916 0.00068895 0.00558567
21.7039 0.419878 0.000694177 0.00528187
21.7739 0.421928 0.000703285 0.00329798
21.8171 0.42289 0.00070587 0.00207731
21.8207 0.423826 0.000707681 0.00179181
21.8638 0.424915 0.000709574 0.00168589
21.9084 0.425927 0.000711582 0.00228116
21.9526 0.42694 0.000714177 0.00284564
21.9982 0.428939 0.000720368 0.00353545
22.0404 0.429951 0.00072434 0.0043112
22.0549 0.430888 0.000728425 0.00441387
22.1041 0.431926 0.000733202 0.0047923
22.1489 0.432913 0.0007379 0.00472513
22.1974 0.434836 0.000746647 0.00446305
22.2426 0.435874 0.000751082 0.00408441
22.2523 0.436912 0.000755323 0.004089
22.2977 0.437874 0.000759225 0.00402626
22.3418 0.438835 0.000763089 0.00400892
22.3915 0.44086 0.000772051 0.00447312
22.4384 0.441797 0.000776487 0.00500011
22.4532 0.442809 0.000781846 0.00558689
22.4988 0.443822 0.00078757 0.00572041
22.5547 0.445745 0.000798924 0.00596288
22.6026 0.446707 0.000804372 0.00536695
22.6141 0.447669 0.000809016 0.00428951
22.6708 0.448656 0.000813037 0.00385734
22.7192 0.450655 0.000820034 0.00322157
22.7668 0.451668 0.000823333 0.00329438
22.7799 0.452604 0.00082657 0.00362062
22.8242 0.453617 0.000830641 0.00442141
22.8683 0.454578 0.00083514 0.00493318
22.9204 0.456502 0.000844862 0.00536051
22.9677 0.457514 0.000850191 0.00516647
22.9775 0.458476 0.000855165 0.00517696
23.022 0.459438 0.000860125 0.00513667
23.0641 0.460324 0.000864681 0.00514892
23.1078 0.461336 0.000870069 0.00549513
23.1579 0.463285 0.000879525 0.00450987
23.2071 0.464247 0.00088372 0.00421372
23.211 0.465285 0.000888006 0.00404689
23.2769 0.466297 0.000892679 0.0051842
23.326 0.468246 0.000904368 0.0067845
23.3709 0.469258 0.000911486 0.00727716
23.3749 0.470195 0.000918264 0.00719932
23.4321 0.471106 0.000924617 0.0067448
23.4767 0.473106 0.00093664 0.00527167
23.5206 0.474042 0.000941665 0.00546038
23.5403 0.475004 0.000947011 0.00565541
23.5968 0.475966 0.000952476 0.00570947
23.6459 0.477915 0.000963961 0.00599518
23.6895 0.478876 0.000969598 0.00572512
23.7081 0.479863 0.000975488 0.0062089
23.7538 0.480825 0.000981615 0.00653297
23.7967 0.481812 0.000988464 0.00734371
23.8462 0.483787 0.00100415 0.00812492
23.891 0.484748 0.00101178 0.00773022
23.9033 0.48571 0.00101899 0.00727606
23.9514 0.486672 0.0010254 0.00604877
23.9967 0.48771 0.00103153 0.0057646
24.0405 0.489633 0.0010426 0.00555718
24.0962 0.490646 0.00104837 0.00585207
24.1102 0.491658 0.00105439 0.00602731
24.1622 0.49262 0.00106014 0.00593132
24.213 0.494645 0.00107273 0.00630897
24.2628 0.495581 0.00107893 0.0069271
24.2767 0.496543 0.00108575 0.00725314
24.3234 0.497555 0.00109299 0.00704837
24.368 0.498466 0.00109934 0.00689483
24.4126 0.500415 0.00111223 0.00650075
24.4573 0.501428 0.00111874 0.00635052
24.4693 0.502389 0.00112462 0.00589135
24.5119 0.503377 0.00113047 0.00595263
24.5616 0.504364 0.00113643 0.00612339
24.6086 0.506313 0.00114825 0.00645831
24.6624 0.5073 0.00115483 0.00686598
24.6684 0.508312 0.00116185 0.00699553
24.7118 0.509274 0.00116875 0.0073519
24.757 0.51021 0.00117562 0.00732231
24.7998 0.511197 0.0011826 0.00682169
24.8441 0.513121 0.00119503 0.0058876
24.8921 0.514108 0.00120084 0.00588766
24.9059 0.51507 0.00120647 0.00583297
24.95 0.516032 0.00121213 0.00593549
24.9951 0.517044 0.00121847 0.00658518
25.0398 0.519018 0.00123325 0.00813094
25.084 0.520056 0.00124221 0.00914097
25.1017 0.520992 0.00125068 0.00893462
25.1458 0.521979 0.00125941 0.00875214
25.1925 0.522966 0.00126805 0.00876093
25.2417 0.524915 0.00128422 0.00793198
25.2875 0.525953 0.0012924 0.00782156
25.3013 0.52694 0.00129978 0.00713655
25.345 0.527877 0.00130622 0.00662524
25.3885 0.528965 0.00131339 0.0065423
25.4353 0.529952 0.00131976 0.0063554
25.4847 0.531977 0.00133351 0.00757134
25.5309 0.53304 0.00134187 0.00815618
25.5333 0.533976 0.00134965 0.00847584
25.5801 0.534913 0.00135732 0.00790727
25.6287 0.535925 0.00136517 0.00758418
25.6748 0.537849 0.00137826 0.00624937
25.723 0.538861 0.00138464 0.00634336
25.7367 0.539899 0.00139122 0.00635231
25.7887 0.540861 0.00139734 0.0063588
25.8325 0.541898 0.00140396 0.00641429
25.8806 0.543898 0.0014162 0.00604799
25.9281 0.544936 0.00142254 0.00618544
25.9334 0.545948 0.00142908 0.00673449
25.976 0.54696 0.00143612 0.0071682
26.0247 0.547973 0.00144354 0.00748059
26.0749 0.549896 0.00145714 0.00639841
26.1221 0.550934 0.00146326 0.00540215
26.1335 0.551946 0.0014684 0.00474149
26.1819 0.552933 0.00147307 0.00473398
26.2733 0.554908 0.00148265 0.00520825
26.2897 0.555895 0.00148792 0.00546089
26.2998 0.556882 0.00149342 0.00568661
26.334 0.55792 0.00149956 0.00614929
26.3823 0.558907 0.00150554 0.00595516
26.4291 0.559894 0.0015117 0.00652641
26.5087 0.561843 0.00152477 0.00646743
26.5563 0.563766 0.00153715 0.00609487
26.616 0.564779 0.00154319 0.00584024
26.6244 0.565791 0.00154897 0.00557923
26.6765 0.567715 0.00155957 0.00571102
26.7255 0.568702 0.00156563 0.00656605
26.742 0.569714 0.00157239 0.00677094
26.789 0.570625 0.00157884 0.00739592
26.8351 0.571638 0.0015866 0.00794259
26.8808 0.573637 0.00160338 0.00880671
26.9244 0.574624 0.00161204 0.00874615
26.9328 0.575611 0.0016206 0.00858721
26.9763 0.576573 0.00162852 0.00788251
27.0252 0.57756 0.00163602 0.0073176
27.0681 0.578522 0.001643 0.00720307
27.0682 0.579585 0.00165043 0.00677186
27.1125 0.580572 0.00165717 0.00688756
27.1448 0.581534 0.00166402 0.00735432
27.1884 0.582572 0.00167195 0.00792527
27.2328 0.583533 0.00167956 0.00789967
27.2769 0.585508 0.00169503 0.00780177
27.3231 0.586469 0.00170258 0.00788638
27.3332 0.587482 0.0017106 0.00796318
27.3759 0.588418 0.00171792 0.00767419
27.4236 0.58938 0.00172518 0.0074259
27.4679 0.591329 0.00173905 0.0063445
27.5117 0.592291 0.001745 0.00603199
27.5486 0.593278 0.00175074 0.00560454
27.5933 0.59429 0.00175634 0.0054585
27.6369 0.595277 0.00176207 0.00614196
27.6961 0.597277 0.00177534 0.00757921
27.7401 0.599226 0.00179085 0.00781655
27.7839 0.600213 0.00179851 0.00770834
27.7997 0.6012 0.00180579 0.00703976
27.8438 0.602187 0.0018124 0.00636458
27.8918 0.603199 0.0018188 0.0062817
27.9388 0.605174 0.00183118 0.00617608
27.9839 0.606135 0.00183695 0.00580683
27.9988 0.607122 0.00184224 0.00491953
28.0443 0.608135 0.00184734 0.00515908
28.0878 0.609147 0.00185276 0.00555408
28.1329 0.610084 0.0018582 0.00605994
28.1839 0.612083 0.00187201 0.00772282
28.2279 0.613045 0.00187971 0.00829324
28.2339 0.614057 0.0018882 0.00846577
28.2783 0.615095 0.00189679 0.00809559
28.3255 0.616006 0.00190381 0.00730014
28.3681 0.617955 0.00191703 0.0061813
28.4123 0.618917 0.00192297 0.00616014
28.4338 0.619929 0.00192911 0.00597629
28.4758 0.620891 0.00193477 0.00579801
28.5199 0.621903 0.00194087 0.00625142
28.5682 0.623878 0.00195434 0.0079357
28.6119 0.624865 0.00196253 0.00866658
28.6337 0.625877 0.00197121 0.00848848
28.6777 0.626864 0.00197967 0.00863919
28.7198 0.627801 0.00198769 0.00849053
28.7636 0.628813 0.00199572 0.00738335
28.8079 0.630812 0.00200995 0.00690442
28.8523 0.631774 0.00201635 0.0064199
28.8679 0.632812 0.00202313 0.00663081
28.9127 0.633824 0.00202983 0.00661072
28.9645 0.634786 0.00203651 0.00729153
29.0121 0.636887 0.00205321 0.00832751
29.0577 0.637874 0.00206165 0.00877339
29.0672 0.638861 0.00207045 0.00906938
29.1123 0.639848 0.00207921 0.00866634
29.1569 0.640835 0.00208745 0.00803837
29.1999 0.641847 0.00209517 0.00720334
29.2483 0.643847 0.00210858 0.00634557
29.2961 0.644859 0.00211503 0.00640386
29.3055 0.645846 0.00212149 0.00669488
29.351 0.646909 0.00212919 0.00777474
29.3958 0.647871 0.0021369 0.00827754
29.4431 0.64982 0.00215278 0.00836337
29.4877 0.650883 0.00216159 0.00820515
29.5008 0.651845 0.00216979 0.00885311
29.5439 0.652857 0.00217869 0.00873879
29.5924 0.653819 0.00218682 0.00815347
29.6358 0.655819 0.00220259 0.00718659
29.6796 0.65678 0.00220922 0.00659385
29.7022 0.657818 0.00221559 0.00568539
29.7479 0.658856 0.00222151 0.00572181
29.7917 0.659843 0.00222751 0.00644836
29.8424 0.660805 0.0022339 0.0068379
29.8425 0.661792 0.00224111 0.00776374
29.8883 0.662779 0.00224906 0.0083501
29.901 0.663766 0.00225713 0.00798547
29.9439 0.664778 0.00226508 0.0077222
29.9917 0.66574 0.00227223 0.00715193
30.0359 0.667259 0.00228316 0.00729078
30.0797 0.667664 0.00228614 0.00741231
30.1037 0.667866 0.00228764 0.00739709
30.1478 0.667866 0.00228764 0.00736424
30.1958 0.667866 0.00228764 0.00735992
30.2436 0.667866 0.00228764 0.00736147
30.2944 0.667866 0.00228764 0.00736561
30.3001 0.667866 0.00228764 0.00737151
30.3445 0.667866 0.00228764 0.00735241
30.3876 0.667892 0.00228783 0.00735661
30.4331 0.667866 0.00228764 0.007359
30.4759 0.667892 0.00228783 0.00735256
30.5212 0.667866 0.00228764 0.00734121
30.5339 0.667866 0.00228764 0.00735497
30.5789 0.667866 0.00228764 0.00736064
30.626 0.667866 0.00228764 0.0073486
30.6686 0.667866 0.00228764 0.0073567
30.7119 0.667866 0.00228764 0.0073553
30.7459 0.667866 0.00228764 0.00735679
30.7879 0.667866 0.00228764 0.00735316
30.8328 0.667866 0.00228764 0.00735128
30.8765 0.667866 0.00228764 0.00734717
30.9201 0.667866 0.00228764 0.00734165
30.936 0.667866 0.00228764 0.00734428
30.9893 0.667866 0.00228764 0.00734848
31.0338 0.667892 0.00228783 0.00735888
31.0763 0.667866 0.00228764 0.0073449
31.1205 0.667866 0.00228764 0.00734812
31.138 0.667866 0.00228764 0.00734273
31.1795 0.667866 0.00228764 0.00733742
31.2264 0.667866 0.00228764 0.00733781
31.2735 0.667866 0.00228764 0.00733998
31.3184 0.667866 0.00228764 0.0073497
31.3338 0.667866 0.00228764 0.00733879
31.3827 0.667866 0.00228764 0.00734353
31.4286 0.667866 0.00228764 0.00734076
31.4739 0.667866 0.00228764 0.00732732
31.5162 0.667866 0.00228764 0.00731885
31.5335 0.667866 0.00228764 0.00733975
31.5757 0.667866 0.00228764 0.00733569
31.6198 0.667866 0.00228764 0.00733513
31.664 0.667866 0.00228764 0.00733483
31.7092 0.667866 0.00228764 0.00733772
31.7814 0.667866 0.00228764 0.00732437
31.8244 0.667866 0.00228764 0.00732794
31.8327 0.667866 0.00228764 0.00732997
31.8756 0.667866 0.00228764 0.00733295
31.9198 0.667892 0.00228783 0.00733155
31.9681 0.667866 0.00228764 0.00733721
32.015 0.667866 0.00228764 0.0073429
32.0335 0.667866 0.00228764 0.0073348
32.0763 0.667866 0.00228764 0.00733355
32.1264 0.667866 0.00228764 0.00733858
32.172 0.667866 0.00228764 0.007332
32.2157 0.667866 0.00228764 0.00732982
32.2325 0.667866 0.00228764 0.0073306
32.2777 0.667866 0.00228764 0.00733045
32.3411 0.667866 0.00228764 0.00733325
32.3842 0.667866 0.00228764 0.00732547
32.4278 0.667866 0.00228764 0.00732663
32.4323 0.667866 0.00228764 0.007323
32.4791 0.667866 0.00228764 0.00732201
32.5319 0.667866 0.00228764 0.00732356
32.5801 0.667866 0.00228764 0.00731966
32.6279 0.667892 0.00228783 0.00732777
32.6339 0.667866 0.00228764 0.0073261
32.6779 0.667866 0.00228764 0.00732642
32.7203 0.667866 0.00228764 0.00733271
32.7638 0.667892 0.00228783 0.00732166
32.8145 0.667866 0.00228764 0.00732577
32.8638 0.667866 0.00228764 0.0073202
32.868 0.667866 0.00228764 0.0073218
32.9473 0.667866 0.00228764 0.00732028
32.9957 0.667866 0.00228764 0.00733387
33.0003 0.667866 0.00228764 0.00733411
33.0479 0.667892 0.00228783 0.007323
33.0924 0.667866 0.00228764 0.0073168
33.1555 0.667866 0.00228764 0.00731662
33.2116 0.667866 0.00228764 0.00731146
33.2117 0.667866 0.00228764 0.00730407
33.265 0.667866 0.00228764 0.00731543
33.2692 0.667866 0.00228764 0.00730807
33.3156 0.667866 0.00228764 0.00731972
33.3596 0.667866 0.00228764 0.00730592
33.4041 0.667866 0.00228764 0.00731224
33.453 0.667866 0.00228764 0.00731063
33.4957 0.667866 0.00228764 0.00729832
33.5006 0.667866 0.00228764 0.00730103
33.5476 0.667866 0.00228764 0.00730711
33.5967 0.667866 0.00228764 0.00730693
33.6418 0.667866 0.00228764 0.00730067
33.6843 0.667866 0.00228764 0.00732341
33.6996 0.667841 0.00228746 0.00730863
33.7507 0.667714 0.00228649 0.00801638
33.7979 0.667436 0.00228417 0.00864539
33.8403 0.666828 0.002279 0.00844264
33.8841 0.666499 0.00227624 0.00832561
33.9005 0.666196 0.00227375 0.00806975
33.9449 0.665841 0.00227088 0.00809938
33.9877 0.665487 0.00226793 0.00856301
34.0324 0.665158 0.00226503 0.00910318
34.0785 0.664525 0.00225903 0.00974613
34.1244 0.664222 0.002256 0.0102095
34.1392 0.663893 0.00225259 0.0105111
34.1873 0.663589 0.00224935 0.010828
34.2318 0.663285 0.002246 0.0112311
34.276 0.662931 0.00224202 0.0112393
34.2761 0.662576 0.00223802 0.0113659
34.3239 0.662247 0.00223426 0.0114792
34.335 0.661918 0.00223045 0.011703
34.3843 0.661564 0.00222623 0.0120635
34.4287 0.66126 0.00222261 0.0118206
34.4794 0.660628 0.00221532 0.0110744
34.5277 0.660324 0.00221201 0.0107253
34.5349 0.65997 0.00220825 0.0104727
34.58 0.659641 0.00220483 0.0103513
34.6434 0.658805 0.00219647 0.00971597
34.6888 0.65835 0.00219209 0.00953841
34.7009 0.657844 0.00218736 0.00912672
34.7451 0.657236 0.00218189 0.00890356
34.7882 0.656578 0.0021761 0.0086723
34.8337 0.65592 0.00217041 0.00863874
34.8805 0.654629 0.00215895 0.0090321
34.9285 0.653946 0.00215268 0.00931782
34.9398 0.653237 0.00214605 0.00941676
34.9836 0.652579 0.00213988 0.00933001
35.0281 0.651896 0.00213352 0.00927955
35.075 0.65058 0.00212089 0.00996336
35.1196 0.649871 0.00211377 0.0101346
35.1344 0.649188 0.00210683 0.010176
35.1844 0.648555 0.00210026 0.0106075
35.2276 0.647872 0.00209289 0.0109627
35.282 0.64653 0.00207796 0.0112382
35.3267 0.645898 0.00207084 0.0112619
35.3579 0.64524 0.00206352 0.0110104
35.4001 0.644582 0.00205646 0.0104278
35.4469 0.64319 0.00204274 0.00958094
35.4935 0.642506 0.00203625 0.00940538
35.5012 0.641823 0.00202983 0.00937399
35.5436 0.641114 0.00202323 0.00926292
35.6008 0.640431 0.00201685 0.00940853
35.6438 0.639014 0.00200309 0.0101747
35.6878 0.638356 0.00199639 0.0101963
35.7035 0.637698 0.00198953 0.0106519
35.7477 0.637039 0.00198232 0.0112403
35.7934 0.636356 0.00197462 0.0113049
35.8361 0.634939 0.00195897 0.0111973
35.8812 0.634255 0.00195124 0.0114118
35.9023 0.633597 0.00194375 0.0113467
35.9445 0.632939 0.00193636 0.0111408
35.9883 0.632231 0.00192844 0.0111968
36.0361 0.631547 0.00192088 0.0109301
36.0802 0.630231 0.00190725 0.00990933
36.1296 0.629548 0.00190044 0.0100153
36.1343 0.628839 0.0018934 0.00986236
36.1843 0.628131 0.00188653 0.00951278
36.2277 0.627447 0.00188008 0.00936714
36.2719 0.626131 0.00186737 0.0100557
36.3158 0.625423 0.00186017 0.0102545
36.334 0.624739 0.00185289 0.0110595
36.3769 0.624107 0.00184575 0.0115164
36.4223 0.623423 0.00183777 0.0118391
36.4677 0.622765 0.00182995 0.0119306
36.5282 0.621373 0.0018132 0.0119642
36.5769 0.620057 0.00179788 0.0112628
36.6198 0.619399 0.00179058 0.0109156
36.6349 0.618766 0.00178374 0.0106992
36.6835 0.618058 0.00177618 0.0106366
36.732 0.617374 0.00176893 0.0105829
36.7789 0.616033 0.00175509 0.0101429
36.8277 0.61535 0.00174819 0.0100599
36.8347 0.614666 0.00174137 0.00988659
36.8818 0.613983 0.00173445 0.0103567
36.9302 0.61335 0.00172772 0.0109304
36.9755 0.612059 0.00171275 0.012304
37.0296 0.611427 0.00170487 0.0126159
37.0344 0.610718 0.00169573 0.0131702
37.0831 0.61006 0.00168698 0.0134247
37.1322 0.609377 0.00167772 0.0136728
37.1761 0.608061 0.00166007 0.0132115
37.2199 0.607352 0.00165096 0.0124952
37.236 0.606669 0.00164267 0.0117892
37.284 0.60601 0.00163503 0.0114173
37.328 0.605378 0.00162793 0.0110189
37.3719 0.604745 0.00162095 0.0110608
37.42 0.603328 0.0016059 0.0105676
37.4637 0.602594 0.00159813 0.0106078
37.469 0.601885 0.00159065 0.0105125
37.5117 0.601202 0.00158349 0.0104377
37.5602 0.600468 0.00157573 0.0107076
37.6043 0.599177 0.00156087 0.0122606
37.654 0.598519 0.00155262 0.0127965
37.6683 0.597861 0.00154389 0.0137615
37.7125 0.597203 0.00153453 0.0146748
37.7568 0.596545 0.00152462 0.0154479
37.8012 0.595862 0.00151417 0.015135
37.8511 0.59452 0.00149465 0.014046
37.896 0.593862 0.00148553 0.0136754
37.9038 0.593179 0.00147642 0.0129797
37.9517 0.592572 0.00146881 0.0120885
37.9959 0.591888 0.00146067 0.0117185
38.0412 0.590572 0.00144532 0.011745
38.0876 0.589889 0.00143729 0.0117667
38.1025 0.589231 0.00142951 0.0118652
38.1479 0.588522 0.00142098 0.0122337
38.1922 0.587864 0.00141295 0.0121445
38.2401 0.586523 0.00139682 0.0119756
38.2842 0.585839 0.00138847 0.0124737
38.3026 0.585181 0.0013801 0.0129394
38.3477 0.584549 0.00137181 0.0132604
38.3921 0.583865 0.00136257 0.0138039
38.4372 0.582575 0.00134436 0.0143899
38.482 0.581891 0.00133456 0.0143006
38.5018 0.581233 0.00132522 0.0140702
38.5487 0.580575 0.00131619 0.0133785
38.5935 0.579892 0.00130724 0.0128155
38.6361 0.578525 0.0012903 0.0121038
38.6798 0.577842 0.00128219 0.0116385
38.7016 0.577158 0.00127435 0.0112951
38.7438 0.5765 0.00126675 0.011788
38.7923 0.575792 0.00125832 0.0120268
38.8362 0.574425 0.00124145 0.0123706
38.8803 0.573792 0.00123348 0.0128148
38.9028 0.573134 0.00122484 0.0134669
38.9483 0.572476 0.00121577 0.0141006
38.9965 0.571768 0.00120573 0.0142315
39.0402 0.570452 0.00118669 0.0149322
39.0838 0.569768 0.00117641 0.0151568
39.1016 0.569085 0.00116602 0.0152546
39.1446 0.568402 0.00115571 0.0149217
39.1877 0.567744 0.00114584 0.0150667
39.2363 0.566504 0.0011276 0.0143383
39.2844 0.565795 0.00111759 0.0139263
39.3006 0.565162 0.0011088 0.0138485
39.3462 0.564479 0.00109942 0.0136181
39.3921 0.563745 0.00108955 0.0132641
39.4368 0.562404 0.00107167 0.0136076
39.4828 0.561695 0.00106192 0.0139107
39.5003 0.561037 0.0010527 0.0141029
39.5468 0.560404 0.00104368 0.0144165
39.5932 0.559746 0.00103399 0.015012
39.6522 0.55843 0.00101382 0.0155875
39.6957 0.557747 0.00100314 0.0156686
39.7016 0.557064 0.000992402 0.0157722
39.7496 0.556406 0.000982033 0.0157416
39.7982 0.555722 0.000971356 0.0155073
39.8493 0.554406 0.000951329 0.0150489
39.8984 0.553748 0.000941439 0.0150103
39.9012 0.55309 0.000931717 0.0145369
39.9439 0.552432 0.000922372 0.0138663
39.9876 0.551724 0.000912583 0.0137578
40.0318 0.55104 0.000903202 0.0136982
40.0822 0.549623 0.00088431 0.0130074
40.1263 0.54894 0.000875273 0.013441
40.1342 0.548282 0.000866261 0.0139488
40.1801 0.547624 0.000857013 0.0141584
40.3081 0.546282 0.000837691 0.0147888
40.3094 0.544966 0.000817771 0.0152746
40.5065 0.542917 0.000786637 0.0152141
40.5476 0.540892 0.000755975 0.0152304
40.5503 0.540183 0.000745188 0.0152141
40.5685 0.5395 0.000734819 0.0151327
40.6132 0.538867 0.000725305 0.0149387
40.6559 0.538159 0.000714828 0.0146281
40.7008 0.53745 0.00070454 0.0144071
40.7449 0.536033 0.00068412 0.0144926
40.7877 0.535324 0.000673887 0.0143863
40.8019 0.534666 0.000664272 0.0148364
40.844 0.534008 0.000654383 0.0152194
40.8876 0.533401 0.0006449 0.0160024
40.9471 0.532034 0.000622067 0.0171717
40.9916 0.531351 0.000610481 0.0167367
41.0013 0.530642 0.000598644 0.0166688
41.0477 0.53001 0.000588108 0.0166352
41.0959 0.529326 0.000576873 0.0162445
41.1408 0.527934 0.000554801 0.0155143
41.1847 0.527276 0.000544492 0.0158177
41.2011 0.526593 0.000533803 0.0154665
41.2514 0.525935 0.000523673 0.0153207
41.2964 0.525226 0.00051271 0.0156191
41.3419 0.52386 0.000491144 0.0157068
41.3855 0.523151 0.000480099 0.0154629
41.4034 0.522493 0.00046987 0.0156264
41.4487 0.521861 0.000459853 0.0160346
41.4923 0.521177 0.000448907 0.0160027
41.5386 0.519861 0.000427284 0.0169663
41.5842 0.519178 0.000415518 0.0174701
41.6005 0.51852 0.000404084 0.0172812
41.6488 0.517811 0.000391719 0.0176139
41.6935 0.517153 0.000380151 0.0175441
41.7413 0.515837 0.000357151 0.0171141
41.7855 0.51518 0.000346053 0.0166161
41.8001 0.514496 0.000334815 0.0162737
41.845 0.513813 0.000323809 0.0159381
41.8879 0.51318 0.000313743 0.0158798
41.9319 0.512472 0.000302521 0.0157921
41.981 0.51113 0.000281241 0.0159971
42.0247 0.510447 0.000270212 0.0162793
42.0336 0.509764 0.000259114 0.0162029
42.0796 0.509106 0.000248412 0.0163243
42.1283 0.508448 0.000237589 0.0165699
42.1727 0.507081 0.000214621 0.0168303
42.216 0.506448 0.000203907 0.017037
42.2363 0.50579 0.000192609 0.0173014
42.2823 0.505132 0.000181172 0.0174601
42.3278 0.504424 0.000168771 0.0175363
42.3777 0.503108 0.000145345 0.0178491
42.4202 0.502475 0.000134268 0.0171653
42.4328 0.501843 0.000123528 0.0167812
42.5345 0.500476 0.000100637 0.0166591
42.5359 0.499793 8.94291e-05 0.0161422
42.5652 0.499109 7.85719e-05 0.0156338
42.6685 0.498426 6.78864e-05 0.0156395
42.6992 0.497135 4.7531e-05 0.0159701
42.701 0.496452 3.64602e-05 0.016431
42.8027 0.495819 2.58613e-05 0.0170706
42.8145 0.495212 1.53456e-05 0.0175533
42.8145 0.494579 4.18357e-06 0.0177286
42.8331 0.493896 -7.98173e-06 0.0178761
42.9437 0.493238 -1.98094e-05 0.018072
42.9685 0.491922 -4.35074e-05 0.0177538
42.9706 0.491239 -5.55336e-05 0.0174438
43.0727 0.490606 -6.64494e-05 0.0170598
43.0774 0.489898 -7.8533e-05 0.0170426
43.0775 0.489265 -8.93285e-05 0.0170807
43.104 0.488556 -0.000101193 0.0164028
43.2093 0.487898 -0.000111864 0.016029
43.2317 0.486532 -0.000133694 0.0160091
43.2332 0.485874 -0.000144119 0.0156759
43.3442 0.48514 -0.0001556 0.0156093
43.3509 0.483824 -0.000176923 0.0167129
43.3647 0.483166 -0.000187978 0.0168867
43.4794 0.482508 -0.000199226 0.0172993
43.4973 0.481192 -0.000223227 0.0188855
43.4988 0.480509 -0.000236139 0.0189046
43.6461 0.479876 -0.000248087 0.0188625
43.6484 0.47856 -0.000273228 0.0191447
43.6508 0.477877 -0.000286312 0.01915
43.6633 0.477219 -0.000298927 0.0191899
43.8164 0.476586 -0.000311074 0.0192082
43.823 0.47527 -0.000336079 0.0187147
43.8252 0.474587 -0.000348754 0.0183809
43.8306 0.473904 -0.000361271 0.0182525
43.9859 0.473246 -0.000373239 0.0181236
43.9937 0.471879 -0.000397767 0.0178571
43.9962 0.471196 -0.000409942 0.0177743
43.9982 0.470513 -0.000422195 0.0180871
44.3094 0.46988 -0.000434042 0.0193604
44.3104 0.467274 -0.000488204 0.0215311
44.3271 0.465958 -0.000516422 0.021487
44.3308 0.464591 -0.000545631 0.0211979
44.336 0.463933 -0.000559387 0.0206117
44.3687 0.463326 -0.000571828 0.0203507
44.4991 0.462643 -0.000585755 0.0204135
44.4992 0.461327 -0.000612367 0.0200444
44.5117 0.460644 -0.0006261 0.0201493
44.528 0.45996 -0.000639829 0.0200329
44.8785 0.456569 -0.000705381 0.0192261
44.8798 0.453912 -0.000759448 0.0212694
44.8814 0.45328 -0.000772938 0.0213722
45.016 0.450623 -0.000828174 0.019748
45.0264 0.449889 -0.000842494 0.0192726
45.3261 0.447864 -0.000880449 0.0183631
45.3555 0.446498 -0.000905594 0.0185167
45.3765 0.44379 -0.000955207 0.0189838
45.7741 0.440475 -0.00101948 0.0199347
45.775 0.439108 -0.00104683 0.0200832
45.7758 0.436477 -0.00109777 0.0187629
45.8635 0.435085 -0.00112356 0.0181856
45.866 0.433743 -0.00114772 0.0179653
45.8747 0.433035 -0.00116051 0.0181435
45.8983 0.432326 -0.00117353 0.0185854
46.0302 0.43101 -0.00119857 0.0194194
46.0337 0.429669 -0.00122496 0.0197709
46.0648 0.428986 -0.00123854 0.0199748
46.0987 0.428303 -0.00125223 0.0201097
46.133 0.427569 -0.00126702 0.0201897
46.166 0.426962 -0.00127927 0.0201262
46.1943 0.426278 -0.00129295 0.0199362
46.2492 0.425595 -0.00130654 0.019815
46.2951 0.424203 -0.00133393 0.0193482
46.3462 0.42352 -0.00134703 0.0189958
46.3609 0.422837 -0.00135995 0.0188193
46.4104 0.422179 -0.00137226 0.0186046
46.4563 0.421394 -0.00138664 0.0180315
46.507 0.420078 -0.0014106 0.0183766
46.5537 0.419395 -0.00142325 0.018638
46.5581 0.418712 -0.00143602 0.0187384
46.6012 0.418054 -0.00144855 0.0193474
46.645 0.417371 -0.00146202 0.0200821
46.6946 0.416713 -0.00147531 0.0202972
46.7403 0.415397 -0.0015022 0.0207634
46.7846 0.414663 -0.00151755 0.0210484
46.7921 0.414005 -0.00153136 0.0209409
46.8399 0.413322 -0.00154554 0.0205621
46.8944 0.412056 -0.00157149 0.0203575
46.9397 0.411373 -0.00158532 0.0201072
46.9601 0.41069 -0.00159883 0.0194341
47.0042 0.410007 -0.00161206 0.0193062
47.0511 0.409349 -0.00162472 0.0191623
47.0969 0.408007 -0.00164997 0.0183767
47.1408 0.407248 -0.00166385 0.0181879
47.1548 0.40659 -0.00167594 0.018539
47.1998 0.405882 -0.00168927 0.0191007
47.2438 0.405274 -0.001701 0.0195115
47.2919 0.404642 -0.00171364 0.0204434
47.3402 0.403301 -0.00174203 0.0217787
47.3843 0.402617 -0.00175693 0.0218395
47.3908 0.401959 -0.00177134 0.0219581
47.4367 0.401276 -0.00178634 0.0219578
47.4802 0.400618 -0.00180074 0.0217877
47.524 0.399935 -0.00181536 0.0210203
47.5681 0.398594 -0.00184293 0.0200938
47.6119 0.397961 -0.00185557 0.0198531
47.6216 0.397329 -0.00186806 0.019621
47.6668 0.39662 -0.00188196 0.0195962
47.7159 0.395886 -0.00189635 0.0196138
47.761 0.394469 -0.00192388 0.0191023
47.8043 0.393811 -0.00193641 0.0189874
47.8198 0.393128 -0.00194949 0.0192901
47.8642 0.392445 -0.00196294 0.0200552
47.9078 0.391812 -0.00197585 0.0207742
47.9519 0.391179 -0.00198921 0.0214537
47.9968 0.389838 -0.00201899 0.0227647
48.0415 0.38918 -0.00203412 0.0232398
48.054 0.388522 -0.00204948 0.0234394
48.0963 0.387864 -0.00206491 0.0234561
48.1396 0.387207 -0.00208026 0.0231945
48.1943 0.385891 -0.00210984 0.021803
48.24 0.385233 -0.00212404 0.0213528
48.2533 0.384575 -0.00213794 0.0208862
48.3005 0.383892 -0.00215208 0.0204996
48.3443 0.383234 -0.00216557 0.0205285
48.3897 0.382525 -0.00218016 0.0206227
48.4321 0.381184 -0.00220801 0.0205105
48.476 0.380526 -0.00222167 0.0209979
48.4869 0.379843 -0.00223611 0.0212925
48.5319 0.37916 -0.00225073 0.0214884
48.576 0.378476 -0.00226542 0.0215138
48.6239 0.377135 -0.00229488 0.0224086
48.6684 0.376477 -0.00230969 0.0226117
48.6857 0.375845 -0.00232406 0.0228145
48.728 0.375136 -0.00234035 0.0231455
48.7729 0.374504 -0.00235498 0.023114
48.8159 0.373846 -0.00237001 0.0225733
48.8662 0.37253 -0.00239902 0.0216258
48.9079 0.371847 -0.00241376 0.021505
48.9187 0.371138 -0.00242881 0.0209843
48.9667 0.370455 -0.00244295 0.0203906
49.0125 0.369797 -0.00245638 0.0204278
49.0578 0.368456 -0.00248401 0.0207497
49.0999 0.367747 -0.00249874 0.0208147
49.1244 0.367064 -0.00251303 0.0210011
49.1723 0.366406 -0.00252703 0.0215494
49.2159 0.365773 -0.00254084 0.0221064
49.2603 0.364457 -0.00257031 0.0228152
49.308 0.363774 -0.002586 0.0231262
49.3182 0.363142 -0.00260063 0.023114
49.3597 0.362484 -0.00261592 0.023351
49.4041 0.361801 -0.00263179 0.0231108
49.4558 0.360459 -0.00266288 0.0229537
49.5 0.359802 -0.00267797 0.0229039
49.5204 0.359194 -0.00269176 0.022504
49.5637 0.358486 -0.00270764 0.0223212
49.6078 0.357828 -0.00272229 0.0221957
49.6522 0.356461 -0.00275238 0.0217946
49.7057 0.355778 -0.00276733 0.0219602
49.7162 0.35512 -0.00278186 0.0222095
49.7598 0.354462 -0.00279649 0.0222512
49.8044 0.353804 -0.00281123 0.0225396
49.8521 0.352514 -0.0028408 0.0232754
49.8962 0.351831 -0.00285679 0.0235254
49.9205 0.351198 -0.00287173 0.0237088
49.9654 0.35054 -0.00288737 0.023828
50.0116 0.349857 -0.0029036 0.0236777
50.0599 0.348541 -0.00293463 0.023471
50.1156 0.347226 -0.00296572 0.0235959
50.1666 0.346517 -0.00298234 0.0233214
50.1826 0.34591 -0.00299643 0.0230854
50.2286 0.345227 -0.00301211 0.0227965
50.274 0.344543 -0.00302762 0.022603
50.316 0.343076 -0.00306041 0.0221129
50.3597 0.342367 -0.00307595 0.0217462
50.3812 0.341709 -0.00309035 0.0220102
50.4282 0.341077 -0.00310434 0.0222217
50.4778 0.340419 -0.00311911 0.0226741
50.5239 0.339103 -0.00314977 0.0238552
50.5702 0.33842 -0.00316602 0.0237023
50.5792 0.337787 -0.00318099 0.0236394
50.6267 0.337129 -0.00319659 0.0237553
50.6723 0.336446 -0.00321283 0.0237997
50.7162 0.335054 -0.00324565 0.0231484
50.7605 0.334396 -0.00326087 0.0230982
50.783 0.333739 -0.00327602 0.0229526
50.8276 0.333055 -0.0032917 0.0229436
50.8722 0.332347 -0.003308 0.0230573
50.9161 0.331031 -0.00333865 0.023346
50.9597 0.330272 -0.00335622 0.0229377
50.9778 0.329589 -0.00337186 0.0228288
51.0197 0.328931 -0.00338689 0.0228832
51.0643 0.328222 -0.00340307 0.0227792
51.108 0.326932 -0.00343301 0.023802
51.1532 0.326274 -0.00344891 0.0245265
51.1738 0.325667 -0.00346394 0.0249623
51.2185 0.324958 -0.00348183 0.0255477
51.2655 0.324326 -0.00349807 0.0257709
51.3086 0.322959 -0.00353338 0.02575
51.3808 0.321618 -0.00356745 0.0250531
51.425 0.320935 -0.00358443 0.0246571
51.4371 0.320252 -0.00360116 0.0242961
51.4806 0.319569 -0.00361776 0.0242951
51.525 0.318911 -0.00363374 0.0242909
51.5714 0.318202 -0.00365097 0.0243375
51.6184 0.316836 -0.00368434 0.0244019
51.6597 0.316178 -0.00370043 0.0245213
51.6708 0.315495 -0.00371726 0.0247227
51.7181 0.314812 -0.00373417 0.0247739
51.7613 0.314154 -0.00375048 0.0248076
51.8044 0.312838 -0.00378368 0.0256998
51.8478 0.31218 -0.00380064 0.025867
51.8678 0.311497 -0.00381844 0.0262081
51.9117 0.310814 -0.00383652 0.026724
51.9842 0.309523 -0.00387105 0.0263633
52.0282 0.30884 -0.0038889 0.0258782
52.0352 0.308233 -0.00390459 0.0257986
52.0829 0.307575 -0.00392157 0.0258075
52.1309 0.306892 -0.003939 0.0252084
52.1885 0.305551 -0.0039724 0.0247751
52.2479 0.304235 -0.00400486 0.0247752
52.3064 0.302844 -0.00403949 0.0252277
52.3522 0.302211 -0.00405552 0.0254566
52.3689 0.301578 -0.00407169 0.0256527
52.4158 0.300921 -0.00408867 0.0259637
52.464 0.29963 -0.00412263 0.0267447
52.5084 0.298972 -0.00414018 0.0266225
52.5481 0.298365 -0.00415632 0.026522
52.5935 0.297657 -0.00417505 0.0263191
52.6362 0.296316 -0.00421064 0.0268629
52.684 0.295607 -0.0042295 0.0263812
52.6957 0.294975 -0.00424599 0.025725
52.744 0.294317 -0.00426286 0.0255639
52.7882 0.293659 -0.00427966 0.0255049
52.8321 0.292267 -0.00431474 0.0246425
52.8801 0.291584 -0.00433166 0.0248909
52.8928 0.290926 -0.0043481 0.0250658
52.9358 0.290268 -0.00436457 0.0250202
52.9799 0.28961 -0.00438103 0.0249896
53.0262 0.288902 -0.00439892 0.0255096
53.072 0.287662 -0.00443108 0.0261747
53.1162 0.28703 -0.00444768 0.0262943
53.1282 0.286372 -0.00446515 0.0268123
53.172 0.285689 -0.00448357 0.027108
53.2201 0.285031 -0.00450141 0.0270997
53.2683 0.283766 -0.00453578 0.0271836
53.3118 0.283108 -0.00455367 0.0271834
53.3229 0.282475 -0.00457083 0.0270816
53.3946 0.281134 -0.00460675 0.0264466
53.441 0.280476 -0.00462405 0.0261284
53.4553 0.279793 -0.0046418 0.0258254
53.5054 0.27911 -0.0046594 0.0257065
53.5774 0.277719 -0.00469521 0.0257403
53.6201 0.276352 -0.00473078 0.0262622
53.6663 0.275745 -0.00474696 0.0270062
53.6853 0.275062 -0.00476569 0.0278347
53.7279 0.274404 -0.00478419 0.0283836
53.772 0.273771 -0.00480216 0.0284389
53.8162 0.273139 -0.00482024 0.0286999
53.8642 0.271849 -0.00485737 0.0287589
53.908 0.271166 -0.00487697 0.0286058
53.9236 0.270508 -0.00489576 0.0285163
53.9683 0.26985 -0.00491455 0.0285858
54.0132 0.269243 -0.00493179 0.0281676
54.0593 0.267927 -0.00496873 0.0281318
54.1042 0.267269 -0.00498725 0.0281574
54.1167 0.266536 -0.00500777 0.0277642
54.1646 0.265852 -0.00502644 0.0268781
54.208 0.26522 -0.00504343 0.0268272
54.2566 0.263854 -0.00508008 0.0266612
54.3023 0.263196 -0.00509769 0.0268731
54.3165 0.262513 -0.00511636 0.0277595
54.3599 0.26188 -0.00513443 0.0293589
54.4038 0.261273 -0.00515244 0.0299714
54.4476 0.26059 -0.00517307 0.0304092
54.4942 0.259249 -0.00521448 0.0312385
54.5411 0.258642 -0.00523342 0.0311281
54.5464 0.257934 -0.00525535 0.0307686
54.5917 0.257276 -0.00527544 0.0303043
54.6443 0.256593 -0.00529609 0.0301332
54.6884 0.255353 -0.00533299 0.0295338
54.7338 0.254645 -0.00535386 0.029365
54.756 0.253936 -0.00537453 0.0289845
54.8025 0.253278 -0.00539369 0.0292241
54.8484 0.252595 -0.00541354 0.0289028
54.8927 0.251229 -0.00545302 0.0289451
54.9384 0.250546 -0.00547284 0.0290619
54.9492 0.249888 -0.00549186 0.0287583
54.9922 0.249155 -0.00551302 0.0288952
55.04 0.248497 -0.00553219 0.0293871
55.0843 0.247181 -0.00557136 0.0301041
55.128 0.246523 -0.00559134 0.0306331
55.1471 0.245866 -0.00561154 0.0307627
55.1918 0.245233 -0.00563086 0.0303156
55.2398 0.24455 -0.00565146 0.029979
55.285 0.243234 -0.00569029 0.0289617
55.3282 0.242475 -0.00571209 0.0284694
55.3491 0.241818 -0.00573064 0.0279088
55.3946 0.24116 -0.00574891 0.0276098
55.4598 0.240477 -0.00576778 0.027618
55.5206 0.239085 -0.00580611 0.0274957
55.527 0.238402 -0.00582495 0.0276534
55.5513 0.237744 -0.00584318 0.0277543
55.5905 0.237036 -0.00586289 0.0278795
55.6397 0.236403 -0.00588061 0.0281389
55.6857 0.235088 -0.00591846 0.029084
55.736 0.234354 -0.00593988 0.0292827
55.7522 0.233721 -0.00595846 0.0294642
55.81 0.233064 -0.00597792 0.0296833
55.8556 0.231672 -0.00601931 0.0294583
55.9011 0.230989 -0.00603926 0.028931
55.9209 0.230357 -0.00605747 0.0286511
55.9778 0.229699 -0.00607619 0.0282419
56.0212 0.228282 -0.00611551 0.0272205
56.064 0.227599 -0.00613419 0.0274368
56.0845 0.226916 -0.00615297 0.0275507
56.1279 0.226207 -0.0061725 0.0275733
56.178 0.225524 -0.00619126 0.0273362
56.2198 0.224765 -0.0062123 0.0280665
56.2705 0.223475 -0.00624886 0.0284857
56.3159 0.222792 -0.00626851 0.0290163
56.3231 0.222109 -0.00628844 0.0293363
56.3679 0.221425 -0.00630857 0.0295919
56.4121 0.220742 -0.00632891 0.0299151
56.4573 0.219351 -0.00637062 0.0301949
56.4999 0.218718 -0.00638973 0.0302326
56.5212 0.218035 -0.00641021 0.029704
56.5639 0.217352 -0.00643034 0.029224
56.6104 0.216619 -0.00645167 0.0288955
56.6566 0.215278 -0.00648992 0.0280167
56.7045 0.214544 -0.00651039 0.0277691
56.7271 0.21381 -0.00653077 0.0277634
56.7722 0.213127 -0.00654984 0.0280562
56.8201 0.212494 -0.00656755 0.027953
56.8686 0.211103 -0.00660723 0.029016
56.9175 0.210395 -0.0066282 0.0301668
56.9251 0.209711 -0.00664881 0.0301682
56.9692 0.209104 -0.0066672 0.0303887
57.0121 0.208421 -0.00668801 0.0305066
57.056 0.207688 -0.00671047 0.030694
57.0999 0.206296 -0.00675289 0.0304444
57.1586 0.205638 -0.00677289 0.0303459
57.1622 0.204955 -0.00679352 0.0300567
57.2041 0.204323 -0.00681241 0.0296413
57.2576 0.203665 -0.00683189 0.0295648
57.3064 0.202248 -0.00687352 0.0291127
57.353 0.201565 -0.00689319 0.0284494
57.3599 0.200958 -0.00691045 0.0283842
57.4079 0.200275 -0.00692979 0.028229
57.4535 0.199566 -0.00694974 0.0280867
57.498 0.198225 -0.00698787 0.0290185
57.5439 0.197568 -0.00700721 0.0297697
57.561 0.196885 -0.00702785 0.0306472
57.6102 0.196227 -0.00704819 0.0311555
57.6518 0.195594 -0.00706809 0.0317771
57.6978 0.194203 -0.00711249 0.0318582
57.7399 0.193545 -0.00713329 0.0313459
57.7634 0.192837 -0.00715541 0.0310948
57.809 0.192154 -0.00717643 0.0304372
57.8531 0.191521 -0.00719551 0.029875
57.8967 0.190864 -0.00721504 0.0294764
57.9429 0.189447 -0.00725674 0.0294168
57.989 0.188738 -0.00727771 0.0297484
58.0034 0.187929 -0.00730171 0.0295193
58.0483 0.187271 -0.00732122 0.0297846
58.0922 0.186613 -0.00734091 0.0300743
58.1364 0.185196 -0.00738352 0.0299413
58.1812 0.184564 -0.00740265 0.0305294
58.2016 0.183881 -0.00742377 0.0312922
58.2438 0.183223 -0.00744455 0.0318865
58.2881 0.182565 -0.00746561 0.0321212
58.3325 0.181857 -0.00748866 0.0329289
58.3783 0.180592 -0.0075306 0.0329864
58.4292 0.179859 -0.0075547 0.0326733
58.4359 0.179201 -0.00757605 0.0322364
58.4798 0.178594 -0.00759557 0.0320556
58.5237 0.177961 -0.00761568 0.0315141
58.568 0.177202 -0.00763931 0.0307122
58.6125 0.175836 -0.00768131 0.0308058
58.658 0.175229 -0.00769998 0.0306746
58.6699 0.174571 -0.00772016 0.0306671
58.712 0.173863 -0.00774199 0.0309301
58.7605 0.173155 -0.00776398 0.031136
58.8044 0.172522 -0.0077837 0.0312233
58.8483 0.171181 -0.00782618 0.0323543
58.8918 0.170524 -0.00784758 0.0326849
58.9077 0.169815 -0.00787083 0.0329423
58.9536 0.169158 -0.0078926 0.0332525
58.9984 0.1685 -0.00791464 0.0337395
59.046 0.167134 -0.00796097 0.0337289
59.0917 0.166476 -0.00798293 0.033021
59.1076 0.165844 -0.00800371 0.0326721
59.1522 0.16511 -0.00802756 0.0323119
59.1978 0.164452 -0.0080487 0.0319632
59.278 0.162353 -0.00811501 0.0315949
59.3096 0.161695 -0.00813579 0.0315716
59.3447 0.160987 -0.00815817 0.0316128
59.3881 0.160278 -0.00818067 0.0318831
59.4322 0.159646 -0.00820091 0.0321152
59.4797 0.158912 -0.00822454 0.0322674
59.5252 0.157647 -0.00826575 0.0330679
59.5683 0.15699 -0.00828765 0.0334959
59.5829 0.156256 -0.00831231 0.0337108
59.6318 0.155624 -0.00833373 0.0339909
59.6758 0.154991 -0.00835537 0.034439
59.7279 0.153575 -0.00840441 0.0344436
59.7725 0.152917 -0.00842689 0.0338952
59.7841 0.152259 -0.00844914 0.0337379
59.8282 0.151627 -0.00847039 0.0334446
59.8759 0.150868 -0.00849563 0.0330522
59.9217 0.149477 -0.0085412 0.0322815
59.9681 0.148768 -0.00856415 0.0324999
59.986 0.148085 -0.0085864 0.0326447
60.0282 0.147402 -0.00860879 0.0328965
60.0717 0.146694 -0.00863239 0.0337166
60.1199 0.145429 -0.00867527 0.0336748
60.1717 0.144721 -0.00869915 0.0337355
60.187 0.144088 -0.00872057 0.033981
60.2319 0.143456 -0.00874215 0.0342332
60.2766 0.142697 -0.00876819 0.0343603
60.3234 0.141356 -0.00881387 0.033994
60.3678 0.140699 -0.00883618 0.0338211
60.3934 0.140066 -0.00885755 0.0337391
60.4363 0.139409 -0.00887973 0.0336866
60.4811 0.138751 -0.00890183 0.0334851
60.5263 0.13741 -0.00894621 0.0324819
60.5677 0.136727 -0.00896831 0.0321946
60.5906 0.135918 -0.00899434 0.0320973
60.6512 0.135235 -0.00901613 0.031697
60.6968 0.133894 -0.00905908 0.0324219
60.7437 0.133236 -0.0090806 0.0329842
60.755 0.132604 -0.00910162 0.0334882
60.7999 0.131895 -0.0091256 0.0341938
60.8436 0.131263 -0.00914741 0.0347385
60.8878 0.130605 -0.00917036 0.0350293
60.934 0.129189 -0.0092198 0.0347227
60.9798 0.12848 -0.00924434 0.0345297
60.9941 0.127798 -0.00926777 0.0340578
61.0424 0.12714 -0.00929007 0.0337345
61.1012 0.125749 -0.00933698 0.0336978
61.1443 0.125066 -0.00936009 0.033948
61.1641 0.124332 -0.009385 0.0339336
61.2087 0.123624 -0.00940893 0.0336013
61.2562 0.122966 -0.00943112 0.0338529
61.3056 0.121524 -0.00947993 0.0335699
61.348 0.120866 -0.00950196 0.0334125
61.385 0.120133 -0.00952665 0.0338606
61.4277 0.11945 -0.00954998 0.0344563
61.4759 0.118059 -0.00959862 0.0353917
61.5225 0.117401 -0.00962216 0.0361788
61.5307 0.116769 -0.00964509 0.0362937
61.5762 0.11606 -0.0096708 0.0362782
61.6199 0.115377 -0.00969559 0.0362975
61.6638 0.11472 -0.00971951 0.0364155
61.7082 0.113303 -0.00977036 0.0353072
61.755 0.11262 -0.00979436 0.0349601
61.7666 0.111963 -0.00981739 0.0350276
61.8121 0.111254 -0.00984222 0.0350713
61.8576 0.110546 -0.00986707 0.0350803
61.8998 0.109762 -0.0098946 0.0351028
61.9445 0.108472 -0.00994017 0.0353715
61.9879 0.107764 -0.00996527 0.0354656
62.0132 0.107106 -0.00998878 0.0360176
62.0561 0.106448 -0.0100126 0.0364054
62.1004 0.10574 -0.0100385 0.0367247
62.1463 0.104425 -0.0100872 0.0372218
62.1923 0.103666 -0.0101156 0.0375621
62.2053 0.103034 -0.0101394 0.0376269
62.258 0.102376 -0.0101641 0.0374773
62.3055 0.101693 -0.0101896 0.0371728
62.3484 0.100378 -0.0102381 0.0364651
62.3924 0.0996444 -0.0102648 0.0361011
62.4074 0.0989868 -0.0102885 0.0359027
62.4522 0.0983038 -0.010313 0.0360595
62.4961 0.0976715 -0.0103359 0.0360822
62.5403 0.0969632 -0.0103614 0.0359234
62.5842 0.0955973 -0.0104105 0.0361329
62.6315 0.0948891 -0.0104362 0.0362179
62.6417 0.0942567 -0.0104591 0.036385
62.688 0.0936497 -0.0104815 0.0371109
62.7327 0.0929415 -0.0105079 0.0376499
62.822 0.0916516 -0.0105567 0.0379679
62.8325 0.0909687 -0.0105827 0.0382825
62.8452 0.0903364 -0.010607 0.0383441
62.8806 0.0896788 -0.0106322 0.0382761
62.9239 0.0889453 -0.0106602 0.0381939
62.9678 0.0882877 -0.0106852 0.0375286
63.0119 0.0875795 -0.0107116 0.0370867
63.0849 0.0862389 -0.0107608 0.0364859
63.1284 0.0848225 -0.0108124 0.0362254
63.1719 0.0840889 -0.010839 0.0361051
63.1821 0.0834313 -0.0108627 0.0360868
63.2277 0.0827989 -0.0108857 0.0366038
63.272 0.0820907 -0.0109118 0.0371998
63.3161 0.0808008 -0.01096 0.037289
63.3721 0.0801432 -0.0109847 0.0376503
63.3838 0.0794856 -0.0110096 0.0380156
63.4634 0.0780692 -0.0110637 0.0381514
63.5084 0.0774369 -0.0110879 0.0383175
63.518 0.0767793 -0.0111133 0.0387349
63.5622 0.0760964 -0.0111397 0.0385164
63.6088 0.0754388 -0.011165 0.0383899
63.6561 0.0741236 -0.0112156 0.0384387
63.7002 0.0734408 -0.0112417 0.0379497
63.7244 0.0727831 -0.0112664 0.0371149
63.77 0.0720496 -0.0112936 0.0370759
63.8148 0.0713667 -0.0113189 0.0371404
63.8604 0.0700009 -0.0113695 0.0371393
63.9217 0.0693433 -0.0113941 0.0376649
63.9245 0.0686604 -0.0114202 0.0384795
63.98 0.0680281 -0.0114447 0.0392424
64.0262 0.0666877 -0.0114981 0.0404158
64.0691 0.0660554 -0.0115238 0.0407867
64.0936 0.0653979 -0.0115507 0.0408555
64.1377 0.0647404 -0.0115775 0.0407761
64.1805 0.0640575 -0.0116053 0.0406475
64.2331 0.0626666 -0.0116612 0.0395933
64.2816 0.062009 -0.0116873 0.0394829
64.2964 0.0613515 -0.0117132 0.0394443
64.3401 0.0606433 -0.0117412 0.0396101
64.3925 0.0599352 -0.0117692 0.0393843
64.4368 0.0586959 -0.0118177 0.0390089
64.4808 0.0579624 -0.0118464 0.0392327
64.4976 0.0572796 -0.0118732 0.0391304
64.5441 0.056622 -0.0118988 0.0387858
64.5942 0.0558885 -0.0119274 0.0390792
64.6425 0.0545735 -0.0119804 0.0412181
64.6882 0.0538907 -0.0120087 0.0416585
64.7005 0.0532332 -0.0120364 0.0425009
64.7471 0.0525757 -0.0120645 0.0428501
64.7935 0.0518929 -0.0120938 0.0428315
64.8373 0.0506032 -0.0121489 0.0425981
64.8954 0.0498699 -0.0121801 0.0423824
64.9147 0.0492377 -0.0122066 0.0416306
64.9598 0.0485549 -0.0122349 0.0410939
65.007 0.0478468 -0.012264 0.0410469
65.0072 0.0471893 -0.0122909 0.0409291
65.0543 0.0465317 -0.0123178 0.0405972
65.0711 0.0457983 -0.0123475 0.0405186
65.1167 0.0451408 -0.0123742 0.040712
65.1606 0.044458 -0.0124021 0.040781
65.2047 0.0436993 -0.0124329 0.0404344
65.257 0.0424348 -0.0124845 0.0412729
65.3012 0.0417773 -0.0125118 0.0415539
65.3073 0.0411198 -0.0125392 0.0418048
65.3529 0.0404876 -0.0125657 0.0420363
65.4021 0.0398301 -0.0125936 0.0426655
65.4441 0.038414 -0.0126544 0.0427935
65.499 0.0377565 -0.0126823 0.0419793
65.508 0.0370484 -0.0127119 0.0415954
65.5537 0.0364162 -0.0127381 0.0412897
65.5998 0.0356828 -0.0127683 0.0408283
65.6502 0.0343424 -0.012822 0.0394783
65.6999 0.0336848 -0.0128479 0.0393701
65.7095 0.0329261 -0.0128777 0.0390394
65.7605 0.0322432 -0.0129043 0.0388259
65.8085 0.0315351 -0.0129319 0.039102
65.8532 0.0301946 -0.0129842 0.038739
65.8972 0.029537 -0.0130098 0.0390636
65.9116 0.0288036 -0.0130387 0.0396844
65.9585 0.0281966 -0.0130629 0.040243
66.0108 0.0275391 -0.0130895 0.0405127
66.0568 0.0261987 -0.0131442 0.0412193
66.0998 0.0255412 -0.0131714 0.0415135
66.1195 0.0247826 -0.0132029 0.0413608
66.1723 0.024125 -0.0132299 0.040861
66.2159 0.02281 -0.0132834 0.0402908
66.2633 0.0220512 -0.0133137 0.0396223
66.2806 0.0213937 -0.0133397 0.0393218
66.3237 0.0206602 -0.0133684 0.0390313
66.3677 0.020028 -0.0133932 0.0393261
66.4166 0.0192945 -0.0134221 0.0394618
66.46 0.0178782 -0.0134787 0.0406076
66.5039 0.0171701 -0.0135075 0.0407804
66.5163 0.0164873 -0.0135353 0.0405879
66.5598 0.0158045 -0.0135631 0.0408309
66.6036 0.0151722 -0.013589 0.0411174
66.6476 0.0145147 -0.0136161 0.0412218
66.6925 0.0131238 -0.0136735 0.0415326
66.7397 0.012441 -0.013702 0.0418097
66.7524 0.011733 -0.0137317 0.0419956
66.7961 0.0110755 -0.0137592 0.041754
66.8395 0.0104685 -0.0137846 0.041914
66.8848 0.00976045 -0.0138143 0.0418659
66.9314 0.00842012 -0.0138696 0.040549
66.9801 0.00791432 -0.0138901 0.0403953
66.9966 0.00763613 -0.0139014 0.0402802
67.0518 0.00750968 -0.0139064 0.0400145
67.0967 0.00748439 -0.0139075 0.0401179
67.1399 0.00748439 -0.0139075 0.0400993
67.162 0.00748439 -0.0139075 0.0401138
67.2042 0.00750968 -0.0139064 0.0401047
67.2615 0.00748439 -0.0139075 0.0401081
67.3047 0.00748439 -0.0139075 0.0400999
67.3236 0.00748439 -0.0139075 0.0401
67.3758 0.00748439 -0.0139075 0.0401008
67.4238 0.00750968 -0.0139064 0.040107
67.4932 0.00750968 -0.0139064 0.0401034
67.4943 0.00750968 -0.0139064 0.0401008
67.5252 0.00750968 -0.0139064 0.0401033
67.5607 0.00750968 -0.0139064 0.0400989
67.6061 0.00750968 -0.0139064 0.0400942
67.6518 0.00750968 -0.0139064 0.0400955
67.6962 0.00748439 -0.0139074 0.0400965
67.7398 0.00750968 -0.0139064 0.0400946
67.7717 0.00748439 -0.0139074 0.0400925
67.8198 0.00750968 -0.0139064 0.040098
67.8636 0.00748439 -0.0139074 0.0400949
67.909 0.00750968 -0.0139064 0.0400939
67.9559 0.00750968 -0.0139064 0.0400873
67.9642 0.00748439 -0.0139074 0.0400908
68.0104 0.00750968 -0.0139064 0.0400944
68.0573 0.00748439 -0.0139074 0.0400851
68.1028 0.00750968 -0.0139064 0.040094
68.1677 0.00748439 -0.0139074 0.0400877
68.2118 0.00748439 -0.0139074 0.0400907
68.2325 0.00748439 -0.0139074 0.0400839
68.2765 0.00750968 -0.0139064 0.0400836
68.3198 0.00750968 -0.0139064 0.0400841
68.3644 0.00750968 -0.0139064 0.0400847
68.4099 0.00750968 -0.0139064 0.0400885
68.453 0.00750968 -0.0139064 0.0400849
68.4706 0.00748439 -0.0139074 0.0400844
68.5169 0.00750968 -0.0139064 0.0400805
68.5599 0.00750968 -0.0139064 0.0400779
68.6038 0.00750968 -0.0139064 0.0400809
68.6547 0.00750968 -0.0139064 0.0400774
68.6999 0.00748439 -0.0139074 0.0400841
68.7061 0.00748439 -0.0139074 0.0400795
68.7478 0.00748439 -0.0139074 0.040079
68.7916 0.00748439 -0.0139074 0.0400782
68.8357 0.00750968 -0.0139064 0.0400774
68.8857 0.00750968 -0.0139064 0.0400793
68.928 0.00753497 -0.0139054 0.0400704
68.9393 0.00748439 -0.0139074 0.0400705
68.9887 0.00750968 -0.0139064 0.0400752
69.0337 0.00748439 -0.0139074 0.0400754
69.0875 0.00748439 -0.0139074 0.0400744
69.1322 0.00753497 -0.0139054 0.0400693
69.1442 0.00750968 -0.0139064 0.040066
69.1892 0.00748439 -0.0139074 0.0400748
69.2357 0.00748439 -0.0139074 0.0400734
69.2837 0.00748439 -0.0139074 0.0400712
69.3279 0.00748439 -0.0139074 0.0400661
69.3494 0.00750968 -0.0139064 0.0400671
69.3967 0.00750968 -0.0139064 0.0400618
69.4397 0.00748439 -0.0139074 0.0400625
69.4977 0.00750968 -0.0139064 0.0400591
69.5408 0.00750968 -0.0139064 0.0400598
69.5457 0.00748439 -0.0139074 0.0400565
69.5921 0.00750968 -0.0139064 0.040058
69.6629 0.00750968 -0.0139064 0.0400623
69.7077 0.00748439 -0.0139074 0.0400644
69.7137 0.00748439 -0.0139074 0.0400628
69.7556 0.00750968 -0.0139064 0.0400622
69.7998 0.00750968 -0.0139064 0.0400619
69.8444 0.00750968 -0.0139064 0.0400603
69.8889 0.00750968 -0.0139064 0.0400572
69.9351 0.00750968 -0.0139064 0.0400563
69.9497 0.00748439 -0.0139074 0.0400529
69.9917 0.00748439 -0.0139074 0.0400561
70.0358 0.00750968 -0.0139064 0.0400557
70.0795 0.00750968 -0.0139064 0.0400567
70.1331 0.00748439 -0.0139074 0.0400507
70.1805 0.00748439 -0.0139074 0.0400469
70.1915 0.00748439 -0.0139074 0.0400537
70.2356 0.00748439 -0.0139074 0.0400521
70.2817 0.00748439 -0.0139074 0.0400488
70.3411 0.00748439 -0.0139074 0.0400443
70.4177 0.00748439 -0.0139074 0.0400432
70.489 0.00750968 -0.0139064 0.0400407
70.5225 0.00750968 -0.0139064 0.0400511
70.5249 0.00750968 -0.0139064 0.0400461
70.5772 0.00750968 -0.0139064 0.0400424
70.5912 0.00750968 -0.0139064 0.0400456
70.6358 0.00748439 -0.0139074 0.0400414
70.68 0.00750968 -0.0139064 0.0400422
70.7238 0.00748439 -0.0139074 0.0400449
70.7679 0.00750968 -0.0139064 0.0400431
70.8119 0.00750968 -0.0139064 0.0400421
70.8253 0.00750968 -0.0139064 0.0400449
70.8804 0.00750968 -0.0139064 0.0400434
70.9319 0.00748439 -0.0139074 0.0400426
70.9757 0.00748439 -0.0139074 0.0400421
70.995 0.00750968 -0.0139064 0.0400394
71.0397 0.00750968 -0.0139064 0.0400381
71.0877 0.00748439 -0.0139074 0.040038
71.1327 0.00750968 -0.0139064 0.0400409
71.1771 0.00750968 -0.0139064 0.0400353
71.1937 0.00750968 -0.0139064 0.0400405
71.236 0.00750968 -0.0139064 0.0400389
71.2996 0.00748439 -0.0139074 0.0400306
71.3438 0.00750968 -0.0139064 0.0400312
71.3617 0.00753497 -0.0139054 0.0400302
